     1	-118.345
     2	-119.006
     3	-119.529
     4	-119.924
     5	-120.208
     6	-120.396
     7	-120.499
     8	-120.522
     9	-120.464
    10	-120.32
    11	-120.087
    12	-119.763
    13	-119.361
    14	-118.903
    15	-118.426
    16	-117.974
    17	-117.587
    18	-117.29
    19	-117.085
    20	-116.957
    21	-116.88
    22	-116.828
    23	-116.789
    24	-116.763
    25	-116.768
    26	-116.832
    27	-116.988
    28	-117.26
    29	-117.661
    30	-118.191
    31	-118.832
    32	-119.556
    33	-120.325
    34	-121.106
    35	-121.866
    36	-122.58
    37	-123.236
    38	-123.832
    39	-124.372
    40	-124.864
    41	-125.307
    42	-125.694
    43	-126.006
    44	-126.221
    45	-126.314
    46	-126.272
    47	-126.093
    48	-125.796
    49	-125.415
    50	-124.996
    51	-124.585
    52	-124.22
    53	-123.927
    54	-123.714
    55	-123.577
    56	-123.498
    57	-123.459
    58	-123.443
    59	-123.44
    60	-123.454
    61	-123.494
    62	-123.575
    63	-123.71
    64	-123.901
    65	-124.135
    66	-124.384
    67	-124.613
    68	-124.788
    69	-124.886
    70	-124.9
    71	-124.841
    72	-124.734
    73	-124.607
    74	-124.488
    75	-124.392
    76	-124.322
    77	-124.268
    78	-124.213
    79	-124.14
    80	-124.04
    81	-123.912
    82	-123.769
    83	-123.637
    84	-123.551
    85	-123.549
    86	-123.658
    87	-123.891
    88	-124.234
    89	-124.656
    90	-125.111
    91	-125.552
    92	-125.944
    93	-126.267
    94	-126.522
    95	-126.716
    96	-126.862
    97	-126.963
    98	-127.01
    99	-126.984
   100	-126.858
   101	-126.608
   102	-126.22
   103	-125.694
   104	-125.044
   105	-124.297
   106	-123.492
   107	-122.671
   108	-121.878
   109	-121.153
   110	-120.522
   111	-119.998
   112	-119.579
   113	-119.247
   114	-118.982
   115	-118.767
   116	-118.593
   117	-118.468
   118	-118.41
   119	-118.436
   120	-118.551
   121	-118.743
   122	-118.977
   123	-119.205
   124	-119.377
   125	-119.452
   126	-119.406
   127	-119.236
   128	-118.956
   129	-118.592
   130	-118.177
   131	-117.735
   132	-117.285
   133	-116.839
   134	-116.4
   135	-115.971
   136	-115.55
   137	-115.136
   138	-114.731
   139	-114.339
   140	-113.972
   141	-113.652
   142	-113.406
   143	-113.262
   144	-113.238
   145	-113.333
   146	-113.522
   147	-113.762
   148	-114.007
   149	-114.221
   150	-114.388
   151	-114.51
   152	-114.607
   153	-114.7
   154	-114.8
   155	-114.905
   156	-114.996
   157	-115.042
   158	-115.011
   159	-114.873
   160	-114.608
   161	-114.208
   162	-113.682
   163	-113.058
   164	-112.38
   165	-111.702
   166	-111.072
   167	-110.52
   168	-110.044
   169	-109.617
   170	-109.2
   171	-108.761
   172	-108.29
   173	-107.805
   174	-107.354
   175	-106.994
   176	-106.774
   177	-106.716
   178	-106.808
   179	-107.012
   180	-107.273
   181	-107.541
   182	-107.773
   183	-107.941
   184	-108.03
   185	-108.034
   186	-107.958
   187	-107.815
   188	-107.625
   189	-107.409
   190	-107.177
   191	-106.924
   192	-106.631
   193	-106.273
   194	-105.827
   195	-105.286
   196	-104.661
   197	-103.986
   198	-103.304
   199	-102.66
   200	-102.085
   201	-101.596
   202	-101.194
   203	-100.868
   204	-100.607
   205	-100.402
   206	-100.256
   207	-100.177
   208	-100.183
   209	-100.292
   210	-100.521
   211	-100.878
   212	-101.36
   213	-101.952
   214	-102.622
   215	-103.332
   216	-104.034
   217	-104.685
   218	-105.25
   219	-105.71
   220	-106.058
   221	-106.303
   222	-106.455
   223	-106.523
   224	-106.502
   225	-106.376
   226	-106.117
   227	-105.699
   228	-105.108
   229	-104.344
   230	-103.424
   231	-102.377
   232	-101.242
   233	-100.056
   234	-98.8608
   235	-97.6849
   236	-96.5491
   237	-95.4627
   238	-94.424
   239	-93.4241
   240	-92.4565
   241	-91.5231
   242	-90.6452
   243	-89.8615
   244	-89.2245
   245	-88.7918
   246	-88.6072
   247	-88.6852
   248	-89.0047
   249	-89.5147
   250	-90.1494
   251	-90.8463
   252	-91.56
   253	-92.27
   254	-92.9768
   255	-93.6883
   256	-94.4089
   257	-95.13
   258	-95.827
   259	-96.4621
   260	-96.9915
   261	-97.3725
   262	-97.5693
   263	-97.5612
   264	-97.3463
   265	-96.9441
   266	-96.3949
   267	-95.7548
   268	-95.0803
   269	-94.4147
   270	-93.7807
   271	-93.1798
   272	-92.6033
   273	-92.0466
   274	-91.5195
   275	-91.0518
   276	-90.687
   277	-90.4733
   278	-90.4499
   279	-90.6383
   280	-91.0393
   281	-91.6346
   282	-92.3916
   283	-93.2673
   284	-94.2143
   285	-95.1874
   286	-96.1483
   287	-97.0684
   288	-97.9331
   289	-98.7385
   290	-99.4829
   291	-100.161
   292	-100.758
   293	-101.252
   294	-101.607
   295	-101.788
   296	-101.763
   297	-101.514
   298	-101.046
   299	-100.387
   300	-99.5861
   301	-98.7053
   302	-97.8046
   303	-96.9345
   304	-96.1279
   305	-95.3969
   306	-94.7387
   307	-94.145
   308	-93.6112
   309	-93.1413
   310	-92.7473
   311	-92.4481
   312	-92.2674
   313	-92.2291
   314	-92.3533
   315	-92.647
   316	-93.0962
   317	-93.6623
   318	-94.2846
   319	-94.8934
   320	-95.4261
   321	-95.842
   322	-96.1276
   323	-96.2952
   324	-96.3716
   325	-96.3855
   326	-96.3539
   327	-96.2748
   328	-96.1283
   329	-95.8824
   330	-95.5047
   331	-94.9731
   332	-94.2843
   333	-93.4581
   334	-92.5365
   335	-91.5794
   336	-90.6537
   337	-89.8181
   338	-89.1134
   339	-88.557
   340	-88.144
   341	-87.8595
   342	-87.691
   343	-87.6399
   344	-87.7251
   345	-87.9795
   346	-88.4401
   347	-89.1342
   348	-90.0692
   349	-91.2272
   350	-92.5667
   351	-94.0308
   352	-95.5609
   353	-97.1002
   354	-98.5994
   355	-100.022
   356	-101.343
   357	-102.548
   358	-103.632
   359	-104.598
   360	-105.443
   361	-106.162
   362	-106.739
   363	-107.152
   364	-107.381
   365	-107.415
   366	-107.257
   367	-106.928
   368	-106.466
   369	-105.915
   370	-105.316
   371	-104.703
   372	-104.099
   373	-103.523
   374	-102.993
   375	-102.527
   376	-102.14
   377	-101.844
   378	-101.643
   379	-101.54
   380	-101.539
   381	-101.649
   382	-101.883
   383	-102.256
   384	-102.765
   385	-103.387
   386	-104.078
   387	-104.777
   388	-105.428
   389	-105.99
   390	-106.447
   391	-106.802
   392	-107.067
   393	-107.254
   394	-107.36
   395	-107.368
   396	-107.249
   397	-106.975
   398	-106.527
   399	-105.899
   400	-105.1
   401	-104.151
   402	-103.08
   403	-101.936
   404	-100.786
   405	-99.7124
   406	-98.7997
   407	-98.1064
   408	-97.6483
   409	-97.395
   410	-97.2897
   411	-97.2749
   412	-97.3164
   413	-97.4144
   414	-97.5993
   415	-97.9134
   416	-98.3886
   417	-99.0268
   418	-99.7924
   419	-100.622
   420	-101.441
   421	-102.187
   422	-102.814
   423	-103.305
   424	-103.662
   425	-103.898
   426	-104.035
   427	-104.091
   428	-104.085
   429	-104.029
   430	-103.934
   431	-103.809
   432	-103.66
   433	-103.489
   434	-103.3
   435	-103.091
   436	-102.87
   437	-102.653
   438	-102.467
   439	-102.346
   440	-102.32
   441	-102.398
   442	-102.575
   443	-102.832
   444	-103.151
   445	-103.518
   446	-103.932
   447	-104.39
   448	-104.889
   449	-105.417
   450	-105.957
   451	-106.488
   452	-106.99
   453	-107.452
   454	-107.868
   455	-108.235
   456	-108.546
   457	-108.79
   458	-108.952
   459	-109.019
   460	-108.983
   461	-108.847
   462	-108.623
   463	-108.331
   464	-107.99
   465	-107.616
   466	-107.221
   467	-106.814
   468	-106.409
   469	-106.023
   470	-105.686
   471	-105.431
   472	-105.294
   473	-105.303
   474	-105.469
   475	-105.792
   476	-106.253
   477	-106.826
   478	-107.481
   479	-108.188
   480	-108.921
   481	-109.657
   482	-110.383
   483	-111.089
   484	-111.776
   485	-112.444
   486	-113.088
   487	-113.697
   488	-114.249
   489	-114.723
   490	-115.1
   491	-115.374
   492	-115.552
   493	-115.657
   494	-115.715
   495	-115.751
   496	-115.777
   497	-115.791
   498	-115.777
   499	-115.709
   500	-115.562
   501	-115.316
   502	-114.963
   503	-114.501
   504	-113.943
   505	-113.311
   506	-112.635
   507	-111.953
   508	-111.3
   509	-110.706
   510	-110.19
   511	-109.757
   512	-109.408
   513	-109.139
   514	-108.949
   515	-108.841
   516	-108.827
   517	-108.919
   518	-109.13
   519	-109.462
   520	-109.9
   521	-110.417
   522	-110.976
   523	-111.538
   524	-112.07
   525	-112.546
   526	-112.953
   527	-113.289
   528	-113.558
   529	-113.77
   530	-113.937
   531	-114.072
   532	-114.187
   533	-114.29
   534	-114.387
   535	-114.48
   536	-114.565
   537	-114.639
   538	-114.7
   539	-114.749
   540	-114.789
   541	-114.824
   542	-114.86
   543	-114.9
   544	-114.948
   545	-115.002
   546	-115.059
   547	-115.11
   548	-115.146
   549	-115.161
   550	-115.154
   551	-115.134
   552	-115.12
   553	-115.132
   554	-115.188
   555	-115.292
   556	-115.438
   557	-115.609
   558	-115.789
   559	-115.968
   560	-116.141
   561	-116.311
   562	-116.486
   563	-116.67
   564	-116.863
   565	-117.06
   566	-117.256
   567	-117.44
   568	-117.603
   569	-117.729
   570	-117.802
   571	-117.808
   572	-117.743
   573	-117.614
   574	-117.44
   575	-117.246
   576	-117.053
   577	-116.866
   578	-116.675
   579	-116.456
   580	-116.182
   581	-115.834
   582	-115.411
   583	-114.936
   584	-114.447
   585	-113.987
   586	-113.595
   587	-113.293
   588	-113.084
   589	-112.961
   590	-112.912
   591	-112.927
   592	-112.996
   593	-113.108
   594	-113.248
   595	-113.396
   596	-113.535
   597	-113.652
   598	-113.746
   599	-113.823
   600	-113.881
   601	-113.91
   602	-113.893
   603	-113.807
   604	-113.638
   605	-113.387
   606	-113.071
   607	-112.718
   608	-112.36
   609	-112.02
   610	-111.712
   611	-111.441
   612	-111.213
   613	-111.037
   614	-110.931
   615	-110.911
   616	-110.988
   617	-111.165
   618	-111.431
   619	-111.773
   620	-112.182
   621	-112.654
   622	-113.186
   623	-113.773
   624	-114.399
   625	-115.036
   626	-115.65
   627	-116.207
   628	-116.69
   629	-117.097
   630	-117.441
   631	-117.745
   632	-118.025
   633	-118.288
   634	-118.526
   635	-118.718
   636	-118.843
   637	-118.887
   638	-118.852
   639	-118.749
   640	-118.596
   641	-118.409
   642	-118.204
   643	-117.999
   644	-117.809
   645	-117.65
   646	-117.528
   647	-117.434
   648	-117.344
   649	-117.222
   650	-117.032
   651	-116.75
   652	-116.369
   653	-115.901
   654	-115.375
   655	-114.823
   656	-114.27
   657	-113.726
   658	-113.188
   659	-112.647
   660	-112.092
   661	-111.522
   662	-110.944
   663	-110.374
   664	-109.833
   665	-109.344
   666	-108.929
   667	-108.608
   668	-108.396
   669	-108.299
   670	-108.31
   671	-108.412
   672	-108.578
   673	-108.778
   674	-108.987
   675	-109.184
   676	-109.357
   677	-109.504
   678	-109.624
   679	-109.714
   680	-109.763
   681	-109.753
   682	-109.67
   683	-109.506
   684	-109.266
   685	-108.966
   686	-108.627
   687	-108.268
   688	-107.903
   689	-107.538
   690	-107.175
   691	-106.818
   692	-106.472
   693	-106.147
   694	-105.846
   695	-105.569
   696	-105.31
   697	-105.065
   698	-104.835
   699	-104.628
   700	-104.46
   701	-104.344
   702	-104.287
   703	-104.284
   704	-104.322
   705	-104.378
   706	-104.437
   707	-104.484
   708	-104.51
   709	-104.509
   710	-104.475
   711	-104.4
   712	-104.28
   713	-104.111
   714	-103.893
   715	-103.626
   716	-103.31
   717	-102.943
   718	-102.52
   719	-102.039
   720	-101.505
   721	-100.931
   722	-100.346
   723	-99.7874
   724	-99.3
   725	-98.923
   726	-98.6808
   727	-98.5765
   728	-98.5933
   729	-98.7019
   730	-98.8717
   731	-99.0819
   732	-99.3261
   733	-99.6086
   734	-99.9365
   735	-100.309
   736	-100.708
   737	-101.102
   738	-101.45
   739	-101.711
   740	-101.859
   741	-101.882
   742	-101.787
   743	-101.59
   744	-101.313
   745	-100.979
   746	-100.608
   747	-100.222
   748	-99.8313
   749	-99.4421
   750	-99.0538
   751	-98.6635
   752	-98.2729
   753	-97.892
   754	-97.5431
   755	-97.2583
   756	-97.0715
   757	-97.0068
   758	-97.0698
   759	-97.2459
   760	-97.5077
   761	-97.8262
   762	-98.1814
   763	-98.5664
   764	-98.9862
   765	-99.451
   766	-99.9671
   767	-100.533
   768	-101.133
   769	-101.743
   770	-102.332
   771	-102.869
   772	-103.32
   773	-103.659
   774	-103.86
   775	-103.909
   776	-103.797
   777	-103.522
   778	-103.091
   779	-102.516
   780	-101.809
   781	-100.986
   782	-100.062
   783	-99.059
   784	-98.0022
   785	-96.9203
   786	-95.8427
   787	-94.7967
   788	-93.8095
   789	-92.9078
   790	-92.1181
   791	-91.4678
   792	-90.9822
   793	-90.6791
   794	-90.561
   795	-90.6122
   796	-90.8015
   797	-91.0907
   798	-91.4446
   799	-91.8372
   800	-92.2551
   801	-92.6951
   802	-93.1578
   803	-93.643
   804	-94.145
   805	-94.6503
   806	-95.1381
   807	-95.5846
   808	-95.9654
   809	-96.2611
   810	-96.4653
   811	-96.5883
   812	-96.6585
   813	-96.7187
   814	-96.816
   815	-96.9889
   816	-97.2564
   817	-97.6163
   818	-98.0506
   819	-98.5379
   820	-99.0659
   821	-99.6358
   822	-100.26
   823	-100.955
   824	-101.733
   825	-102.59
   826	-103.507
   827	-104.458
   828	-105.413
   829	-106.344
   830	-107.227
   831	-108.038
   832	-108.758
   833	-109.372
   834	-109.871
   835	-110.252
   836	-110.516
   837	-110.667
   838	-110.703
   839	-110.62
   840	-110.406
   841	-110.054
   842	-109.562
   843	-108.942
   844	-108.217
   845	-107.423
   846	-106.603
   847	-105.801
   848	-105.05
   849	-104.368
   850	-103.761
   851	-103.225
   852	-102.756
   853	-102.354
   854	-102.028
   855	-101.795
   856	-101.672
   857	-101.669
   858	-101.783
   859	-102.001
   860	-102.305
   861	-102.669
   862	-103.066
   863	-103.47
   864	-103.848
   865	-104.168
   866	-104.404
   867	-104.539
   868	-104.571
   869	-104.505
   870	-104.35
   871	-104.108
   872	-103.78
   873	-103.358
   874	-102.837
   875	-102.214
   876	-101.496
   877	-100.692
   878	-99.8143
   879	-98.8705
   880	-97.8769
   881	-96.8578
   882	-95.8476
   883	-94.8921
   884	-94.0396
   885	-93.3256
   886	-92.7661
   887	-92.3591
   888	-92.0911
   889	-91.9501
   890	-91.9384
   891	-92.0768
   892	-92.3984
   893	-92.9343
   894	-93.6977
   895	-94.6729
   896	-95.8147
   897	-97.0622
   898	-98.3506
   899	-99.6264
   900	-100.859
   901	-102.036
   902	-103.152
   903	-104.205
   904	-105.187
   905	-106.085
   906	-106.883
   907	-107.57
   908	-108.141
   909	-108.599
   910	-108.948
   911	-109.198
   912	-109.366
   913	-109.481
   914	-109.58
   915	-109.702
   916	-109.874
   917	-110.11
   918	-110.4
   919	-110.721
   920	-111.045
   921	-111.355
   922	-111.645
   923	-111.929
   924	-112.226
   925	-112.56
   926	-112.947
   927	-113.395
   928	-113.899
   929	-114.453
   930	-115.044
   931	-115.656
   932	-116.269
   933	-116.86
   934	-117.399
   935	-117.867
   936	-118.254
   937	-118.573
   938	-118.846
   939	-119.098
   940	-119.342
   941	-119.572
   942	-119.762
   943	-119.876
   944	-119.88
   945	-119.756
   946	-119.505
   947	-119.147
   948	-118.715
   949	-118.239
   950	-117.743
   951	-117.238
   952	-116.73
   953	-116.219
   954	-115.704
   955	-115.184
   956	-114.658
   957	-114.123
   958	-113.576
   959	-113.016
   960	-112.449
   961	-111.891
   962	-111.361
   963	-110.879
   964	-110.458
   965	-110.099
   966	-109.788
   967	-109.504
   968	-109.232
   969	-108.966
   970	-108.719
   971	-108.514
   972	-108.374
   973	-108.314
   974	-108.325
   975	-108.385
   976	-108.46
   977	-108.519
   978	-108.542
   979	-108.515
   980	-108.435
   981	-108.302
   982	-108.123
   983	-107.905
   984	-107.658
   985	-107.392
   986	-107.114
   987	-106.821
   988	-106.501
   989	-106.135
   990	-105.702
   991	-105.196
   992	-104.629
   993	-104.038
   994	-103.475
   995	-102.993
   996	-102.63
   997	-102.4
   998	-102.286
   999	-102.255
  1000	-102.264
  1001	-102.281
  1002	-102.288
  1003	-102.284
  1004	-102.282
  1005	-102.296
  1006	-102.339
  1007	-102.41
  1008	-102.496
  1009	-102.57
  1010	-102.604
  1011	-102.569
  1012	-102.447
  1013	-102.232
  1014	-101.933
  1015	-101.576
  1016	-101.199
  1017	-100.848
  1018	-100.57
  1019	-100.406
  1020	-100.384
  1021	-100.512
  1022	-100.779
  1023	-101.153
  1024	-101.594
  1025	-102.065
  1026	-102.544
  1027	-103.028
  1028	-103.532
  1029	-104.069
  1030	-104.646
  1031	-105.249
  1032	-105.849
  1033	-106.406
  1034	-106.876
  1035	-107.222
  1036	-107.417
  1037	-107.447
  1038	-107.308
  1039	-107.006
  1040	-106.553
  1041	-105.971
  1042	-105.288
  1043	-104.536
  1044	-103.743
  1045	-102.929
  1046	-102.101
  1047	-101.26
  1048	-100.404
  1049	-99.537
  1050	-98.6847
  1051	-97.889
  1052	-97.2031
  1053	-96.6762
  1054	-96.3393
  1055	-96.1958
  1056	-96.2239
  1057	-96.3852
  1058	-96.6373
  1059	-96.9447
  1060	-97.2825
  1061	-97.638
  1062	-98.0054
  1063	-98.381
  1064	-98.7578
  1065	-99.1235
  1066	-99.4584
  1067	-99.7344
  1068	-99.9185
  1069	-99.9758
  1070	-99.8773
  1071	-99.609
  1072	-99.1808
  1073	-98.628
  1074	-98.0051
  1075	-97.3733
  1076	-96.7822
  1077	-96.2578
  1078	-95.7992
  1079	-95.3864
  1080	-94.9999
  1081	-94.6357
  1082	-94.3154
  1083	-94.0855
  1084	-94.0048
  1085	-94.1234
  1086	-94.4641
  1087	-95.014
  1088	-95.7274
  1089	-96.54
  1090	-97.3845
  1091	-98.2013
  1092	-98.9435
  1093	-99.5748
  1094	-100.071
  1095	-100.43
  1096	-100.666
  1097	-100.814
  1098	-100.913
  1099	-100.994
  1100	-101.07
  1101	-101.127
  1102	-101.133
  1103	-101.054
  1104	-100.863
  1105	-100.558
  1106	-100.164
  1107	-99.7222
  1108	-99.2819
  1109	-98.8828
  1110	-98.5467
  1111	-98.2776
  1112	-98.066
  1113	-97.8942
  1114	-97.7409
  1115	-97.5857
  1116	-97.4129
  1117	-97.2156
  1118	-97.0012
  1119	-96.7935
  1120	-96.6317
  1121	-96.5631
  1122	-96.6308
  1123	-96.8583
  1124	-97.2396
  1125	-97.736
  1126	-98.2869
  1127	-98.8276
  1128	-99.3063
  1129	-99.6962
  1130	-99.998
  1131	-100.229
  1132	-100.407
  1133	-100.539
  1134	-100.614
  1135	-100.61
  1136	-100.498
  1137	-100.253
  1138	-99.8628
  1139	-99.3309
  1140	-98.6766
  1141	-97.9367
  1142	-97.1628
  1143	-96.4167
  1144	-95.7614
  1145	-95.2479
  1146	-94.904
  1147	-94.7281
  1148	-94.6948
  1149	-94.7679
  1150	-94.9205
  1151	-95.1504
  1152	-95.4857
  1153	-95.9768
  1154	-96.6751
  1155	-97.6067
  1156	-98.7567
  1157	-100.068
  1158	-101.457
  1159	-102.84
  1160	-104.149
  1161	-105.344
  1162	-106.416
  1163	-107.383
  1164	-108.273
  1165	-109.117
  1166	-109.933
  1167	-110.721
  1168	-111.465
  1169	-112.14
  1170	-112.712
  1171	-113.151
  1172	-113.437
  1173	-113.561
  1174	-113.535
  1175	-113.386
  1176	-113.153
  1177	-112.886
  1178	-112.633
  1179	-112.428
  1180	-112.291
  1181	-112.221
  1182	-112.2
  1183	-112.206
  1184	-112.223
  1185	-112.25
  1186	-112.303
  1187	-112.416
  1188	-112.629
  1189	-112.975
  1190	-113.471
  1191	-114.115
  1192	-114.879
  1193	-115.716
  1194	-116.569
  1195	-117.379
  1196	-118.099
  1197	-118.7
  1198	-119.173
  1199	-119.53
  1200	-119.792
  1201	-119.984
  1202	-120.126
  1203	-120.219
  1204	-120.253
  1205	-120.203
  1206	-120.041
  1207	-119.745
  1208	-119.307
  1209	-118.738
  1210	-118.065
  1211	-117.335
  1212	-116.594
  1213	-115.887
  1214	-115.24
  1215	-114.655
  1216	-114.116
  1217	-113.596
  1218	-113.071
  1219	-112.531
  1220	-111.985
  1221	-111.459
  1222	-110.989
  1223	-110.608
  1224	-110.342
  1225	-110.201
  1226	-110.18
  1227	-110.258
  1228	-110.407
  1229	-110.59
  1230	-110.776
  1231	-110.935
  1232	-111.055
  1233	-111.134
  1234	-111.188
  1235	-111.241
  1236	-111.316
  1237	-111.422
  1238	-111.546
  1239	-111.656
  1240	-111.712
  1241	-111.678
  1242	-111.538
  1243	-111.299
  1244	-110.99
  1245	-110.648
  1246	-110.31
  1247	-109.995
  1248	-109.703
  1249	-109.419
  1250	-109.119
  1251	-108.782
  1252	-108.393
  1253	-107.954
  1254	-107.482
  1255	-107.01
  1256	-106.581
  1257	-106.246
  1258	-106.053
  1259	-106.04
  1260	-106.226
  1261	-106.604
  1262	-107.141
  1263	-107.787
  1264	-108.489
  1265	-109.212
  1266	-109.944
  1267	-110.697
  1268	-111.492
  1269	-112.347
  1270	-113.263
  1271	-114.221
  1272	-115.184
  1273	-116.097
  1274	-116.904
  1275	-117.557
  1276	-118.026
  1277	-118.304
  1278	-118.405
  1279	-118.356
  1280	-118.195
  1281	-117.963
  1282	-117.699
  1283	-117.429
  1284	-117.168
  1285	-116.916
  1286	-116.665
  1287	-116.407
  1288	-116.141
  1289	-115.881
  1290	-115.657
  1291	-115.505
  1292	-115.457
  1293	-115.53
  1294	-115.712
  1295	-115.97
  1296	-116.255
  1297	-116.514
  1298	-116.702
  1299	-116.786
  1300	-116.747
  1301	-116.579
  1302	-116.288
  1303	-115.887
  1304	-115.398
  1305	-114.841
  1306	-114.235
  1307	-113.593
  1308	-112.915
  1309	-112.197
  1310	-111.434
  1311	-110.63
  1312	-109.807
  1313	-109.001
  1314	-108.264
  1315	-107.652
  1316	-107.211
  1317	-106.963
  1318	-106.903
  1319	-107.003
  1320	-107.225
  1321	-107.529
  1322	-107.891
  1323	-108.299
  1324	-108.751
  1325	-109.25
  1326	-109.8
  1327	-110.396
  1328	-111.023
  1329	-111.657
  1330	-112.257
  1331	-112.769
  1332	-113.134
  1333	-113.289
  1334	-113.185
  1335	-112.799
  1336	-112.139
  1337	-111.242
  1338	-110.16
  1339	-108.949
  1340	-107.654
  1341	-106.311
  1342	-104.955
  1343	-103.622
  1344	-102.352
  1345	-101.187
  1346	-100.165
  1347	-99.3128
  1348	-98.6561
  1349	-98.218
  1350	-98.0168
  1351	-98.0644
  1352	-98.358
  1353	-98.8738
  1354	-99.5687
  1355	-100.386
  1356	-101.272
  1357	-102.184
  1358	-103.102
  1359	-104.02
  1360	-104.945
  1361	-105.882
  1362	-106.822
  1363	-107.741
  1364	-108.6
  1365	-109.354
  1366	-109.962
  1367	-110.401
  1368	-110.668
  1369	-110.784
  1370	-110.784
  1371	-110.717
  1372	-110.635
  1373	-110.585
  1374	-110.599
  1375	-110.688
  1376	-110.847
  1377	-111.052
  1378	-111.28
  1379	-111.511
  1380	-111.744
  1381	-111.993
  1382	-112.289
  1383	-112.663
  1384	-113.131
  1385	-113.691
  1386	-114.316
  1387	-114.962
  1388	-115.58
  1389	-116.131
  1390	-116.591
  1391	-116.949
  1392	-117.21
  1393	-117.385
  1394	-117.493
  1395	-117.549
  1396	-117.566
  1397	-117.544
  1398	-117.476
  1399	-117.339
  1400	-117.107
  1401	-116.757
  1402	-116.273
  1403	-115.656
  1404	-114.923
  1405	-114.104
  1406	-113.237
  1407	-112.353
  1408	-111.472
  1409	-110.597
  1410	-109.723
  1411	-108.845
  1412	-107.971
  1413	-107.121
  1414	-106.333
  1415	-105.651
  1416	-105.116
  1417	-104.752
  1418	-104.562
  1419	-104.531
  1420	-104.622
  1421	-104.795
  1422	-105.002
  1423	-105.198
  1424	-105.342
  1425	-105.405
  1426	-105.373
  1427	-105.244
  1428	-105.029
  1429	-104.741
  1430	-104.395
  1431	-103.995
  1432	-103.542
  1433	-103.026
  1434	-102.441
  1435	-101.784
  1436	-101.06
  1437	-100.283
  1438	-99.4744
  1439	-98.6629
  1440	-97.8823
  1441	-97.1705
  1442	-96.5631
  1443	-96.0888
  1444	-95.7623
  1445	-95.5792
  1446	-95.5217
  1447	-95.5687
  1448	-95.7103
  1449	-95.956
  1450	-96.335
  1451	-96.8847
  1452	-97.6325
  1453	-98.5814
  1454	-99.7014
  1455	-100.932
  1456	-102.198
  1457	-103.429
  1458	-104.575
  1459	-105.606
  1460	-106.513
  1461	-107.301
  1462	-107.979
  1463	-108.556
  1464	-109.036
  1465	-109.415
  1466	-109.684
  1467	-109.829
  1468	-109.834
  1469	-109.687
  1470	-109.387
  1471	-108.949
  1472	-108.406
  1473	-107.808
  1474	-107.209
  1475	-106.654
  1476	-106.164
  1477	-105.735
  1478	-105.345
  1479	-104.962
  1480	-104.569
  1481	-104.166
  1482	-103.771
  1483	-103.416
  1484	-103.136
  1485	-102.958
  1486	-102.896
  1487	-102.949
  1488	-103.112
  1489	-103.37
  1490	-103.704
  1491	-104.092
  1492	-104.503
  1493	-104.91
  1494	-105.292
  1495	-105.639
  1496	-105.96
  1497	-106.269
  1498	-106.575
  1499	-106.869
  1500	-107.127
  1501	-107.307
  1502	-107.371
  1503	-107.293
  1504	-107.069
  1505	-106.713
  1506	-106.251
  1507	-105.707
  1508	-105.103
  1509	-104.454
  1510	-103.776
  1511	-103.087
  1512	-102.407
  1513	-101.757
  1514	-101.156
  1515	-100.607
  1516	-100.108
  1517	-99.6494
  1518	-99.2262
  1519	-98.8411
  1520	-98.5061
  1521	-98.237
  1522	-98.0443
  1523	-97.9249
  1524	-97.861
  1525	-97.8244
  1526	-97.7867
  1527	-97.7267
  1528	-97.6359
  1529	-97.5175
  1530	-97.3809
  1531	-97.2336
  1532	-97.0753
  1533	-96.8941
  1534	-96.6682
  1535	-96.3741
  1536	-95.993
  1537	-95.5173
  1538	-94.9502
  1539	-94.3059
  1540	-93.6091
  1541	-92.8929
  1542	-92.1976
  1543	-91.5659
  1544	-91.0359
  1545	-90.6352
  1546	-90.3744
  1547	-90.2464
  1548	-90.2326
  1549	-90.3157
  1550	-90.4924
  1551	-90.7801
  1552	-91.2124
  1553	-91.8254
  1554	-92.6386
  1555	-93.6361
  1556	-94.7652
  1557	-95.9466
  1558	-97.1014
  1559	-98.1707
  1560	-99.1241
  1561	-99.96
  1562	-100.698
  1563	-101.366
  1564	-101.989
  1565	-102.589
  1566	-103.18
  1567	-103.77
  1568	-104.359
  1569	-104.945
  1570	-105.52
  1571	-106.073
  1572	-106.593
  1573	-107.069
  1574	-107.495
  1575	-107.866
  1576	-108.183
  1577	-108.445
  1578	-108.648
  1579	-108.786
  1580	-108.849
  1581	-108.832
  1582	-108.733
  1583	-108.562
  1584	-108.339
  1585	-108.092
  1586	-107.855
  1587	-107.656
  1588	-107.512
  1589	-107.427
  1590	-107.389
  1591	-107.376
  1592	-107.364
  1593	-107.335
  1594	-107.278
  1595	-107.188
  1596	-107.066
  1597	-106.913
  1598	-106.728
  1599	-106.508
  1600	-106.251
  1601	-105.958
  1602	-105.634
  1603	-105.285
  1604	-104.915
  1605	-104.527
  1606	-104.12
  1607	-103.694
  1608	-103.252
  1609	-102.803
  1610	-102.36
  1611	-101.94
  1612	-101.557
  1613	-101.221
  1614	-100.935
  1615	-100.694
  1616	-100.494
  1617	-100.336
  1618	-100.225
  1619	-100.17
  1620	-100.182
  1621	-100.266
  1622	-100.424
  1623	-100.652
  1624	-100.947
  1625	-101.31
  1626	-101.745
  1627	-102.253
  1628	-102.833
  1629	-103.475
  1630	-104.17
  1631	-104.908
  1632	-105.685
  1633	-106.505
  1634	-107.365
  1635	-108.259
  1636	-109.164
  1637	-110.05
  1638	-110.881
  1639	-111.62
  1640	-112.244
  1641	-112.743
  1642	-113.119
  1643	-113.384
  1644	-113.554
  1645	-113.647
  1646	-113.678
  1647	-113.657
  1648	-113.595
  1649	-113.501
  1650	-113.385
  1651	-113.257
  1652	-113.129
  1653	-113.011
  1654	-112.915
  1655	-112.851
  1656	-112.834
  1657	-112.885
  1658	-113.022
  1659	-113.255
  1660	-113.581
  1661	-113.974
  1662	-114.392
  1663	-114.791
  1664	-115.133
  1665	-115.4
  1666	-115.597
  1667	-115.743
  1668	-115.863
  1669	-115.981
  1670	-116.112
  1671	-116.259
  1672	-116.409
  1673	-116.541
  1674	-116.622
  1675	-116.617
  1676	-116.492
  1677	-116.225
  1678	-115.812
  1679	-115.269
  1680	-114.631
  1681	-113.944
  1682	-113.252
  1683	-112.589
  1684	-111.97
  1685	-111.388
  1686	-110.819
  1687	-110.234
  1688	-109.606
  1689	-108.921
  1690	-108.179
  1691	-107.403
  1692	-106.627
  1693	-105.895
  1694	-105.245
  1695	-104.703
  1696	-104.274
  1697	-103.943
  1698	-103.681
  1699	-103.457
  1700	-103.25
  1701	-103.05
  1702	-102.866
  1703	-102.721
  1704	-102.642
  1705	-102.65
  1706	-102.752
  1707	-102.929
  1708	-103.138
  1709	-103.323
  1710	-103.422
  1711	-103.391
  1712	-103.21
  1713	-102.894
  1714	-102.484
  1715	-102.04
  1716	-101.617
  1717	-101.253
  1718	-100.96
  1719	-100.723
  1720	-100.518
  1721	-100.317
  1722	-100.105
  1723	-99.8839
  1724	-99.6712
  1725	-99.4952
  1726	-99.3899
  1727	-99.3873
  1728	-99.5125
  1729	-99.777
  1730	-100.177
  1731	-100.69
  1732	-101.283
  1733	-101.908
  1734	-102.518
  1735	-103.072
  1736	-103.549
  1737	-103.947
  1738	-104.278
  1739	-104.556
  1740	-104.789
  1741	-104.963
  1742	-105.045
  1743	-104.988
  1744	-104.749
  1745	-104.302
  1746	-103.65
  1747	-102.818
  1748	-101.859
  1749	-100.836
  1750	-99.8136
  1751	-98.8455
  1752	-97.9719
  1753	-97.2154
  1754	-96.5849
  1755	-96.0837
  1756	-95.7162
  1757	-95.4944
  1758	-95.4397
  1759	-95.5831
  1760	-95.9621
  1761	-96.6115
  1762	-97.5497
  1763	-98.7642
  1764	-100.202
  1765	-101.776
  1766	-103.381
  1767	-104.913
  1768	-106.289
  1769	-107.456
  1770	-108.394
  1771	-109.107
  1772	-109.611
  1773	-109.921
  1774	-110.044
  1775	-109.972
  1776	-109.684
  1777	-109.159
  1778	-108.38
  1779	-107.343
  1780	-106.066
  1781	-104.594
  1782	-102.999
  1783	-101.369
  1784	-99.796
  1785	-98.3624
  1786	-97.1235
  1787	-96.0973
  1788	-95.2635
  1789	-94.5795
  1790	-94.006
  1791	-93.5261
  1792	-93.1552
  1793	-92.9388
  1794	-92.936
  1795	-93.193
  1796	-93.7217
  1797	-94.4879
  1798	-95.4199
  1799	-96.4253
  1800	-97.413
  1801	-98.3102
  1802	-99.0732
  1803	-99.6849
  1804	-100.152
  1805	-100.5
  1806	-100.768
  1807	-100.99
  1808	-101.193
  1809	-101.385
  1810	-101.553
  1811	-101.673
  1812	-101.713
  1813	-101.645
  1814	-101.459
  1815	-101.173
  1816	-100.829
  1817	-100.494
  1818	-100.239
  1819	-100.123
  1820	-100.184
  1821	-100.432
  1822	-100.851
  1823	-101.402
  1824	-102.041
  1825	-102.725
  1826	-103.424
  1827	-104.124
  1828	-104.826
  1829	-105.537
  1830	-106.265
  1831	-107.008
  1832	-107.743
  1833	-108.434
  1834	-109.033
  1835	-109.493
  1836	-109.778
  1837	-109.875
  1838	-109.796
  1839	-109.573
  1840	-109.253
  1841	-108.889
  1842	-108.523
  1843	-108.179
  1844	-107.855
  1845	-107.531
  1846	-107.175
  1847	-106.756
  1848	-106.252
  1849	-105.662
  1850	-105.003
  1851	-104.308
  1852	-103.625
  1853	-102.998
  1854	-102.46
  1855	-102.028
  1856	-101.699
  1857	-101.448
  1858	-101.244
  1859	-101.058
  1860	-100.88
  1861	-100.725
  1862	-100.628
  1863	-100.64
  1864	-100.805
  1865	-101.144
  1866	-101.643
  1867	-102.252
  1868	-102.899
  1869	-103.508
  1870	-104.014
  1871	-104.382
  1872	-104.6
  1873	-104.689
  1874	-104.684
  1875	-104.629
  1876	-104.561
  1877	-104.502
  1878	-104.449
  1879	-104.382
  1880	-104.269
  1881	-104.079
  1882	-103.792
  1883	-103.408
  1884	-102.952
  1885	-102.473
  1886	-102.029
  1887	-101.682
  1888	-101.478
  1889	-101.443
  1890	-101.571
  1891	-101.835
  1892	-102.192
  1893	-102.598
  1894	-103.018
  1895	-103.444
  1896	-103.888
  1897	-104.383
  1898	-104.968
  1899	-105.669
  1900	-106.492
  1901	-107.412
  1902	-108.384
  1903	-109.352
  1904	-110.259
  1905	-111.063
  1906	-111.739
  1907	-112.284
  1908	-112.716
  1909	-113.061
  1910	-113.354
  1911	-113.626
  1912	-113.897
  1913	-114.173
  1914	-114.438
  1915	-114.67
  1916	-114.85
  1917	-114.972
  1918	-115.06
  1919	-115.16
  1920	-115.341
  1921	-115.668
  1922	-116.189
  1923	-116.915
  1924	-117.826
  1925	-118.873
  1926	-119.997
  1927	-121.146
  1928	-122.283
  1929	-123.392
  1930	-124.467
  1931	-125.506
  1932	-126.501
  1933	-127.433
  1934	-128.272
  1935	-128.982
  1936	-129.533
  1937	-129.897
  1938	-130.06
  1939	-130.019
  1940	-129.781
  1941	-129.365
  1942	-128.805
  1943	-128.14
  1944	-127.409
  1945	-126.653
  1946	-125.895
  1947	-125.146
  1948	-124.398
  1949	-123.634
  1950	-122.834
  1951	-121.989
  1952	-121.108
  1953	-120.219
  1954	-119.365
  1955	-118.593
  1956	-117.933
  1957	-117.392
  1958	-116.95
  1959	-116.566
  1960	-116.193
  1961	-115.788
  1962	-115.327
  1963	-114.806
  1964	-114.24
  1965	-113.666
  1966	-113.121
  1967	-112.642
  1968	-112.246
  1969	-111.929
  1970	-111.666
  1971	-111.422
  1972	-111.159
  1973	-110.85
  1974	-110.489
  1975	-110.096
  1976	-109.708
  1977	-109.376
  1978	-109.144
  1979	-109.04
  1980	-109.065
  1981	-109.194
  1982	-109.384
  1983	-109.584
  1984	-109.754
  1985	-109.869
  1986	-109.928
  1987	-109.953
  1988	-109.974
  1989	-110.023
  1990	-110.121
  1991	-110.266
  1992	-110.435
  1993	-110.592
  1994	-110.691
  1995	-110.697
  1996	-110.591
  1997	-110.376
  1998	-110.078
  1999	-109.74
  2000	-109.418
  2001	-109.166
