     1	12.1997
     2	12.1533
     3	11.9208
     4	11.5718
     5	11.1863
     6	10.8337
     7	10.5528
     8	10.3434
     9	10.1723
    10	9.98765
    11	9.74052
    12	9.40359
    13	8.981
    14	8.5088
    15	8.0426
    16	7.63915
    17	7.33728
    18	7.14432
    19	7.03322
    20	6.95503
    21	6.8558
    22	6.69552
    23	6.46088
    24	6.16877
    25	5.86234
    26	5.59854
    27	5.43262
    28	5.40452
    29	5.52956
    30	5.798
    31	6.18024
    32	6.63411
    33	7.11625
    34	7.59022
    35	8.02826
    36	8.41314
    37	8.73495
    38	8.98663
    39	9.1607
    40	9.2463
    41	9.22934
    42	9.09642
    43	8.83714
    44	8.44846
    45	7.93578
    46	7.31399
    47	6.6061
    48	5.84426
    49	5.06884
    50	4.32605
    51	3.66582
    52	3.13659
    53	2.77873
    54	2.61901
    55	2.66456
    56	2.90282
    57	3.30464
    58	3.83357
    59	4.45497
    60	5.14562
    61	5.89805
    62	6.71973
    63	7.62128
    64	8.60389
    65	9.64911
    66	10.7118
    67	11.7204
    68	12.5927
    69	13.2535
    70	13.6497
    71	13.7648
    72	13.6225
    73	13.2804
    74	12.8141
    75	12.2973
    76	11.783
    77	11.2922
    78	10.8159
    79	10.3287
    80	9.80634
    81	9.246
    82	8.67892
    83	8.17012
    84	7.80638
    85	7.6741
    86	7.83407
    87	8.30009
    88	9.03456
    89	9.95826
    90	10.9704
    91	11.9746
    92	12.8986
    93	13.7036
    94	14.3828
    95	14.9487
    96	15.4178
    97	15.7924
    98	16.0524
    99	16.155
   100	16.0444
   101	15.6688
   102	14.9982
   103	14.0397
   104	12.8419
   105	11.4909
   106	10.0945
   107	8.7603
   108	7.57578
   109	6.59574
   110	5.83631
   111	5.28563
   112	4.91813
   113	4.7102
   114	4.65332
   115	4.75316
   116	5.02618
   117	5.48808
   118	6.14408
   119	6.98023
   120	7.96132
   121	9.03588
   122	10.1457
   123	11.2331
   124	12.247
   125	13.1497
   126	13.9149
   127	14.5272
   128	14.9821
   129	15.2861
   130	15.4541
   131	15.5082
   132	15.4745
   133	15.3781
   134	15.2396
   135	15.0728
   136	14.8846
   137	14.6761
   138	14.4473
   139	14.2023
   140	13.953
   141	13.7214
   142	13.5385
   143	13.4374
   144	13.445
   145	13.5725
   146	13.8084
   147	14.1193
   148	14.4584
   149	14.7787
   150	15.0472
   151	15.2567
   152	15.4285
   153	15.6059
   154	15.8395
   155	16.1685
   156	16.604
   157	17.1196
   158	17.6554
   159	18.1329
   160	18.4758
   161	18.6316
   162	18.5871
   163	18.3715
   164	18.0473
   165	17.6892
   166	17.3584
   167	17.081
   168	16.8384
   169	16.5766
   170	16.2292
   171	15.7437
   172	15.104
   173	14.3369
   174	13.5082
   175	12.7038
   176	12.004
   177	11.4581
   178	11.0707
   179	10.8036
   180	10.5915
   181	10.3651
   182	10.0731
   183	9.69805
   184	9.25862
   185	8.80321
   186	8.39246
   187	8.07947
   188	7.89326
   189	7.82735
   190	7.84582
   191	7.89439
   192	7.91908
   193	7.88237
   194	7.77381
   195	7.6104
   196	7.4278
   197	7.26669
   198	7.15972
   199	7.1224
   200	7.15277
   201	7.23652
   202	7.35591
   203	7.49711
   204	7.65579
   205	7.83799
   206	8.05757
   207	8.33091
   208	8.67323
   209	9.09206
   210	9.58747
   211	10.1505
   212	10.7653
   213	11.4113
   214	12.0661
   215	12.7062
   216	13.3064
   217	13.8411
   218	14.2844
   219	14.6153
   220	14.8228
   221	14.9115
   222	14.9016
   223	14.8252
   224	14.7151
   225	14.5937
   226	14.4636
   227	14.3056
   228	14.0861
   229	13.7698
   230	13.3341
   231	12.7801
   232	12.1367
   233	11.4569
   234	10.805
   235	10.2371
   236	9.78616
   237	9.45087
   238	9.19659
   239	8.96546
   240	8.69738
   241	8.35063
   242	7.91761
   243	7.42858
   244	6.94395
   245	6.5369
   246	6.26789
   247	6.16401
   248	6.20845
   249	6.34639
   250	6.50471
   251	6.6171
   252	6.64888
   253	6.60831
   254	6.54404
   255	6.52606
   256	6.62066
   257	6.86423
   258	7.24824
   259	7.71948
   260	8.19529
   261	8.58704
   262	8.82337
   263	8.86971
   264	8.73313
   265	8.45349
   266	8.08566
   267	7.67949
   268	7.2602
   269	6.82129
   270	6.33109
   271	5.74769
   272	5.03916
   273	4.19985
   274	3.25781
   275	2.27238
   276	1.32226
   277	0.489994
   278	-0.155984
   279	-0.572824
   280	-0.742251
   281	-0.668871
   282	-0.371649
   283	0.123353
   284	0.788973
   285	1.59924
   286	2.52766
   287	3.54237
   288	4.60515
   289	5.67049
   290	6.684
   291	7.58885
   292	8.33472
   293	8.87957
   294	9.19341
   295	9.25821
   296	9.06365
   297	8.60374
   298	7.8787
   299	6.89984
   300	5.69606
   301	4.319
   302	2.84281
   303	1.3584
   304	-0.0393317
   305	-1.27266
   306	-2.29177
   307	-3.07962
   308	-3.64546
   309	-4.01324
   310	-4.20722
   311	-4.24053
   312	-4.10873
   313	-3.79396
   314	-3.27458
   315	-2.54162
   316	-1.61377
   317	-0.544479
   318	0.579709
   319	1.65608
   320	2.58803
   321	3.30905
   322	3.79506
   323	4.06796
   324	4.18216
   325	4.20398
   326	4.18589
   327	4.14659
   328	4.06469
   329	3.88566
   330	3.54375
   331	2.9874
   332	2.20103
   333	1.21478
   334	0.0996787
   335	-1.04763
   336	-2.13115
   337	-3.08099
   338	-3.86576
   339	-4.49444
   340	-5.00396
   341	-5.43651
   342	-5.81892
   343	-6.14724
   344	-6.38559
   345	-6.47691
   346	-6.36162
   347	-5.99986
   348	-5.38739
   349	-4.56085
   350	-3.59081
   351	-2.56509
   352	-1.56428
   353	-0.647866
   354	0.155411
   355	0.846509
   356	1.44274
   357	1.963
   358	2.41489
   359	2.78872
   360	3.06081
   361	3.20295
   362	3.19262
   363	3.02288
   364	2.70635
   365	2.27201
   366	1.75879
   367	1.20533
   368	0.6449
   369	0.101773
   370	-0.410599
   371	-0.884057
   372	-1.31097
   373	-1.67996
   374	-1.97417
   375	-2.17812
   376	-2.28168
   377	-2.28479
   378	-2.19951
   379	-2.045
   380	-1.8402
   381	-1.59704
   382	-1.31747
   383	-0.994261
   384	-0.6207
   385	-0.199681
   386	0.248051
   387	0.681669
   388	1.04672
   389	1.28657
   390	1.35747
   391	1.24112
   392	0.950354
   393	0.52507
   394	0.0208876
   395	-0.506018
   396	-1.01656
   397	-1.49645
   398	-1.95869
   399	-2.43204
   400	-2.94274
   401	-3.49665
   402	-4.0685
   403	-4.6002
   404	-5.01253
   405	-5.22716
   406	-5.18853
   407	-4.88429
   408	-4.34831
   409	-3.65124
   410	-2.87775
   411	-2.10102
   412	-1.36101
   413	-0.661569
   414	0.024281
   415	0.738688
   416	1.51527
   417	2.35896
   418	3.23507
   419	4.07411
   420	4.78836
   421	5.29587
   422	5.54063
   423	5.50697
   424	5.22182
   425	4.7415
   426	4.13286
   427	3.4502
   428	2.72171
   429	1.94536
   430	1.09903
   431	0.159831
   432	-0.877316
   433	-1.98686
   434	-3.10968
   435	-4.16485
   436	-5.06581
   437	-5.73871
   438	-6.13752
   439	-6.2475
   440	-6.08329
   441	-5.6775
   442	-5.07084
   443	-4.29868
   444	-3.38778
   445	-2.36311
   446	-1.25109
   447	-0.0878208
   448	1.08052
   449	2.20023
   450	3.21832
   451	4.08936
   452	4.7818
   453	5.28164
   454	5.59114
   455	5.72066
   456	5.68341
   457	5.48995
   458	5.14604
   459	4.65351
   460	4.01763
   461	3.25246
   462	2.38824
   463	1.47179
   464	0.560458
   465	-0.28532
   466	-1.01646
   467	-1.60448
   468	-2.04465
   469	-2.34998
   470	-2.53388
   471	-2.59748
   472	-2.52092
   473	-2.26786
   474	-1.7969
   475	-1.07889
   476	-0.115741
   477	1.05123
   478	2.34348
   479	3.65981
   480	4.90012
   481	5.98776
   482	6.8832
   483	7.58401
   484	8.11362
   485	8.50335
   486	8.7723
   487	8.91645
   488	8.91012
   489	8.71741
   490	8.31096
   491	7.68746
   492	6.87864
   493	5.94875
   494	4.98358
   495	4.07268
   496	3.28842
   497	2.67067
   498	2.22363
   499	1.9215
   500	1.72191
   501	1.58602
   502	1.49297
   503	1.44752
   504	1.47629
   505	1.6162
   506	1.89629
   507	2.32238
   508	2.87109
   509	3.49427
   510	4.13193
   511	4.73062
   512	5.26073
   513	5.72267
   514	6.14375
   515	6.56668
   516	7.03003
   517	7.55051
   518	8.11505
   519	8.68219
   520	9.19753
   521	9.60918
   522	9.88455
   523	10.0173
   524	10.0259
   525	9.94245
   526	9.79909
   527	9.61772
   528	9.40539
   529	9.15954
   530	8.87722
   531	8.5641
   532	8.23931
   533	7.93571
   534	7.69336
   535	7.54988
   536	7.53261
   537	7.6523
   538	7.9025
   539	8.26493
   540	8.71686
   541	9.23942
   542	9.82234
   543	10.4635
   544	11.1635
   545	11.9142
   546	12.691
   547	13.4487
   548	14.1269
   549	14.6629
   550	15.0064
   551	15.1344
   552	15.0583
   553	14.8202
   554	14.4805
   555	14.0985
   556	13.718
   557	13.3568
   558	13.0098
   559	12.6617
   560	12.304
   561	11.9494
   562	11.6365
   563	11.4263
   564	11.3849
   565	11.5648
   566	11.9851
   567	12.6224
   568	13.4141
   569	14.2729
   570	15.1125
   571	15.8673
   572	16.5052
   573	17.0297
   574	17.4693
   575	17.8548
   576	18.2013
   577	18.4954
   578	18.6941
   579	18.7351
   580	18.5588
   581	18.1278
   582	17.4397
   583	16.5321
   584	15.4737
   585	14.3465
   586	13.223
   587	12.1472
   588	11.129
   589	10.1494
   590	9.17716
   591	8.18916
   592	7.18493
   593	6.193
   594	5.2642
   595	4.45657
   596	3.81728
   597	3.36802
   598	3.09901
   599	2.97519
   600	2.9447
   601	2.95749
   602	2.97801
   603	2.99304
   604	3.01031
   605	3.05043
   606	3.13379
   607	3.2697
   608	3.45204
   609	3.66108
   610	3.87136
   611	4.06139
   612	4.2211
   613	4.35416
   614	4.47457
   615	4.60022
   616	4.74395
   617	4.90597
   618	5.07308
   619	5.2218
   620	5.32553
   621	5.36387
   622	5.32927
   623	5.22716
   624	5.07101
   625	4.87193
   626	4.62879
   627	4.32414
   628	3.92792
   629	3.40786
   630	2.74769
   631	1.95714
   632	1.07599
   633	0.17026
   634	-0.682299
   635	-1.41201
   636	-1.97162
   637	-2.34512
   638	-2.54293
   639	-2.59079
   640	-2.51575
   641	-2.33214
   642	-2.03616
   643	-1.61005
   644	-1.03353
   645	-0.303401
   646	0.553277
   647	1.47202
   648	2.36123
   649	3.11929
   650	3.65481
   651	3.907
   652	3.85648
   653	3.52595
   654	2.96968
   655	2.25534
   656	1.44304
   657	0.570287
   658	-0.352577
   659	-1.33444
   660	-2.38783
   661	-3.5106
   662	-4.67417
   663	-5.82172
   664	-6.87623
   665	-7.75958
   666	-8.41256
   667	-8.80671
   668	-8.9497
   669	-8.87694
   670	-8.6365
   671	-8.27312
   672	-7.81723
   673	-7.27751
   674	-6.64534
   675	-5.91056
   676	-5.0726
   677	-4.15508
   678	-3.20675
   679	-2.29498
   680	-1.49508
   681	-0.872071
   682	-0.467069
   683	-0.293724
   684	-0.342613
   685	-0.591895
   686	-1.02033
   687	-1.61555
   688	-2.37477
   689	-3.29971
   690	-4.38538
   691	-5.61062
   692	-6.93293
   693	-8.28873
   694	-9.60219
   695	-10.7983
   696	-11.8141
   697	-12.6076
   698	-13.1598
   699	-13.47
   700	-13.5461
   701	-13.3973
   702	-13.0287
   703	-12.4446
   704	-11.6524
   705	-10.6727
   706	-9.54601
   707	-8.33269
   708	-7.11342
   709	-5.9763
   710	-4.99936
   711	-4.23912
   712	-3.72252
   713	-3.44905
   714	-3.39987
   715	-3.54987
   716	-3.88118
   717	-4.38871
   718	-5.07695
   719	-5.94846
   720	-6.98887
   721	-8.15692
   722	-9.38072
   723	-10.5701
   724	-11.6313
   725	-12.4855
   726	-13.0862
   727	-13.4268
   728	-13.5347
   729	-13.4572
   730	-13.2448
   731	-12.9335
   732	-12.537
   733	-12.0493
   734	-11.4561
   735	-10.7506
   736	-9.94932
   737	-9.09534
   738	-8.2581
   739	-7.51586
   740	-6.93143
   741	-6.53599
   742	-6.32187
   743	-6.24752
   744	-6.25179
   745	-6.2736
   746	-6.27154
   747	-6.2347
   748	-6.18409
   749	-6.15977
   750	-6.20474
   751	-6.34587
   752	-6.58047
   753	-6.87551
   754	-7.17479
   755	-7.41546
   756	-7.54754
   757	-7.54825
   758	-7.42528
   759	-7.21142
   760	-6.94585
   761	-6.65753
   762	-6.35274
   763	-6.01341
   764	-5.60447
   765	-5.08865
   766	-4.44254
   767	-3.66604
   768	-2.78723
   769	-1.85569
   770	-0.928949
   771	-0.0607347
   772	0.709447
   773	1.35955
   774	1.88401
   775	2.28579
   776	2.5678
   777	2.72822
   778	2.75902
   779	2.64964
   780	2.39499
   781	2.0007
   782	1.48677
   783	0.887245
   784	0.243603
   785	-0.405328
   786	-1.03154
   787	-1.62217
   788	-2.17488
   789	-2.69056
   790	-3.16501
   791	-3.58175
   792	-3.91163
   793	-4.1182
   794	-4.17038
   795	-4.05311
   796	-3.77574
   797	-3.37186
   798	-2.89129
   799	-2.3867
   800	-1.89756
   801	-1.44073
   802	-1.0115
   803	-0.591232
   804	-0.162191
   805	0.276849
   806	0.701552
   807	1.06351
   808	1.30015
   809	1.35336
   810	1.19025
   811	0.813636
   812	0.263028
   813	-0.395334
   814	-1.08705
   815	-1.74925
   816	-2.34499
   817	-2.86633
   818	-3.32737
   819	-3.74869
   820	-4.13927
   821	-4.48553
   822	-4.74688
   823	-4.86414
   824	-4.77533
   825	-4.43343
   826	-3.82436
   827	-2.97461
   828	-1.94794
   829	-0.82886
   830	0.29516
   831	1.35466
   832	2.31103
   833	3.15836
   834	3.91357
   835	4.59837
   836	5.22084
   837	5.76465
   838	6.18791
   839	6.43609
   840	6.46074
   841	6.23784
   842	5.779
   843	5.13272
   844	4.37575
   845	3.59528
   846	2.87096
   847	2.26078
   848	1.79316
   849	1.46781
   850	1.26644
   851	1.16443
   852	1.14144
   853	1.18954
   854	1.31101
   855	1.51413
   856	1.80304
   857	2.16827
   858	2.58534
   859	3.01687
   860	3.42338
   861	3.77273
   862	4.04843
   863	4.25029
   864	4.39075
   865	4.48658
   866	4.55134
   867	4.59077
   868	4.60395
   869	4.58694
   870	4.53908
   871	4.46684
   872	4.38433
   873	4.30901
   874	4.2539
   875	4.22036
   876	4.19415
   877	4.14566
   878	4.03928
   879	3.8446
   880	3.54907
   881	3.16381
   882	2.72304
   883	2.27502
   884	1.8682
   885	1.53441
   886	1.28046
   887	1.0902
   888	0.933209
   889	0.778637
   890	0.610543
   891	0.435933
   892	0.282192
   893	0.188408
   894	0.189433
   895	0.300106
   896	0.504796
   897	0.759019
   898	0.999998
   899	1.16486
   900	1.21147
   901	1.12915
   902	0.943513
   903	0.706127
   904	0.477762
   905	0.309454
   906	0.225937
   907	0.220579
   908	0.260718
   909	0.302914
   910	0.312217
   911	0.277548
   912	0.216936
   913	0.173567
   914	0.20218
   915	0.349293
   916	0.636505
   917	1.05164
   918	1.55068
   919	2.06907
   920	2.54106
   921	2.91578
   922	3.16812
   923	3.30318
   924	3.34978
   925	3.34846
   926	3.33581
   927	3.33308
   928	3.34035
   929	3.34134
   930	3.31393
   931	3.24342
   932	3.13354
   933	3.00948
   934	2.9132
   935	2.89223
   936	2.98646
   937	3.21815
   938	3.58731
   939	4.07541
   940	4.65343
   941	5.29125
   942	5.96565
   943	6.66307
   944	7.37726
   945	8.10409
   946	8.8368
   947	9.563
   948	10.2675
   949	10.9352
   950	11.555
   951	12.1219
   952	12.6363
   953	13.1009
   954	13.5157
   955	13.875
   956	14.1661
   957	14.3724
   958	14.4806
   959	14.4854
   960	14.3965
   961	14.2393
   962	14.0511
   963	13.8738
   964	13.7425
   965	13.677
   966	13.6776
   967	13.7273
   968	13.8038
   969	13.8915
   970	13.9941
   971	14.1375
   972	14.3652
   973	14.7237
   974	15.2447
   975	15.9274
   976	16.7334
   977	17.5908
   978	18.4107
   979	19.1085
   980	19.6246
   981	19.9364
   982	20.0607
   983	20.0418
   984	19.934
   985	19.7798
   986	19.5947
   987	19.3617
   988	19.0406
   989	18.5859
   990	17.9701
   991	17.1981
   992	16.3153
   993	15.4014
   994	14.5535
   995	13.8656
   996	13.4048
   997	13.1988
   998	13.2365
   999	13.4781
  1000	13.8731
  1001	14.377
  1002	14.9631
  1003	15.6229
  1004	16.3583
  1005	17.1699
  1006	18.0411
  1007	18.9288
  1008	19.7631
  1009	20.4575
  1010	20.9259
  1011	21.1012
  1012	20.9508
  1013	20.48
  1014	19.7282
  1015	18.7565
  1016	17.6326
  1017	16.4198
  1018	15.1686
  1019	13.9161
  1020	12.695
  1021	11.5382
  1022	10.4832
  1023	9.57179
  1024	8.84638
  1025	8.34531
  1026	8.09527
  1027	8.10842
  1028	8.38046
  1029	8.89301
  1030	9.61635
  1031	10.5137
  1032	11.5465
  1033	12.6699
  1034	13.8315
  1035	14.9743
  1036	16.0353
  1037	16.9516
  1038	17.6674
  1039	18.1448
  1040	18.3696
  1041	18.3526
  1042	18.1233
  1043	17.7184
  1044	17.1702
  1045	16.4976
  1046	15.7039
  1047	14.7844
  1048	13.7384
  1049	12.5844
  1050	11.3699
  1051	10.1714
  1052	9.08663
  1053	8.21366
  1054	7.62916
  1055	7.36782
  1056	7.41539
  1057	7.71486
  1058	8.1846
  1059	8.74313
  1060	9.3274
  1061	9.90581
  1062	10.4759
  1063	11.0526
  1064	11.65
  1065	12.2642
  1066	12.8626
  1067	13.3831
  1068	13.7502
  1069	13.8946
  1070	13.773
  1071	13.3832
  1072	12.7671
  1073	12.0006
  1074	11.1739
  1075	10.3713
  1076	9.64979
  1077	9.03165
  1078	8.50619
  1079	8.04332
  1080	7.61525
  1081	7.2114
  1082	6.8469
  1083	6.5611
  1084	6.40511
  1085	6.42277
  1086	6.63191
  1087	7.01463
  1088	7.51897
  1089	8.07065
  1090	8.59337
  1091	9.02723
  1092	9.34068
  1093	9.5316
  1094	9.62196
  1095	9.64864
  1096	9.65036
  1097	9.6573
  1098	9.68589
  1099	9.7353
  1100	9.79214
  1101	9.83572
  1102	9.84505
  1103	9.80564
  1104	9.71266
  1105	9.57001
  1106	9.38981
  1107	9.18712
  1108	8.97711
  1109	8.77141
  1110	8.57647
  1111	8.39245
  1112	8.21335
  1113	8.02401
  1114	7.80208
  1115	7.52203
  1116	7.16128
  1117	6.70922
  1118	6.17421
  1119	5.58764
  1120	5.00024
  1121	4.47093
  1122	4.0521
  1123	3.77314
  1124	3.63137
  1125	3.58885
  1126	3.58416
  1127	3.55003
  1128	3.43552
  1129	3.22143
  1130	2.92645
  1131	2.60059
  1132	2.30836
  1133	2.10318
  1134	2.00641
  1135	1.99813
  1136	2.02105
  1137	1.99889
  1138	1.86283
  1139	1.5737
  1140	1.13705
  1141	0.604594
  1142	0.0624645
  1143	-0.390095
  1144	-0.667543
  1145	-0.722542
  1146	-0.559995
  1147	-0.234699
  1148	0.167202
  1149	0.557133
  1150	0.872077
  1151	1.09387
  1152	1.2503
  1153	1.40098
  1154	1.61087
  1155	1.92054
  1156	2.32557
  1157	2.77471
  1158	3.1852
  1159	3.46896
  1160	3.55837
  1161	3.4242
  1162	3.07939
  1163	2.5707
  1164	1.96344
  1165	1.32412
  1166	0.701573
  1167	0.118098
  1168	-0.435219
  1169	-0.990729
  1170	-1.58775
  1171	-2.25841
  1172	-3.01557
  1173	-3.84932
  1174	-4.72867
  1175	-5.6084
  1176	-6.43852
  1177	-7.17381
  1178	-7.77947
  1179	-8.23488
  1180	-8.53483
  1181	-8.6857
  1182	-8.70264
  1183	-8.60747
  1184	-8.42541
  1185	-8.18294
  1186	-7.90386
  1187	-7.60689
  1188	-7.30192
  1189	-6.99111
  1190	-6.67453
  1191	-6.35679
  1192	-6.05449
  1193	-5.80154
  1194	-5.64774
  1195	-5.65027
  1196	-5.85882
  1197	-6.30242
  1198	-6.97656
  1199	-7.83915
  1200	-8.82058
  1201	-9.83525
  1202	-10.8003
  1203	-11.6532
  1204	-12.3645
  1205	-12.9384
  1206	-13.4082
  1207	-13.8211
  1208	-14.2196
  1209	-14.6273
  1210	-15.0369
  1211	-15.4114
  1212	-15.6964
  1213	-15.8393
  1214	-15.8111
  1215	-15.6243
  1216	-15.3328
  1217	-15.0189
  1218	-14.7718
  1219	-14.6603
  1220	-14.7145
  1221	-14.9183
  1222	-15.2166
  1223	-15.5346
  1224	-15.8029
  1225	-15.9787
  1226	-16.0578
  1227	-16.0737
  1228	-16.0821
  1229	-16.1393
  1230	-16.2806
  1231	-16.5068
  1232	-16.7813
  1233	-17.0392
  1234	-17.2064
  1235	-17.2246
  1236	-17.0695
  1237	-16.76
  1238	-16.3544
  1239	-15.9319
  1240	-15.5686
  1241	-15.3167
  1242	-15.1947
  1243	-15.1883
  1244	-15.2611
  1245	-15.3715
  1246	-15.4891
  1247	-15.6061
  1248	-15.7385
  1249	-15.9187
  1250	-16.1836
  1251	-16.5595
  1252	-17.0547
  1253	-17.6526
  1254	-18.3134
  1255	-18.9855
  1256	-19.6126
  1257	-20.1431
  1258	-20.5372
  1259	-20.7673
  1260	-20.8165
  1261	-20.6752
  1262	-20.3409
  1263	-19.8195
  1264	-19.1268
  1265	-18.29
  1266	-17.3463
  1267	-16.3341
  1268	-15.2937
  1269	-14.2607
  1270	-13.261
  1271	-12.3164
  1272	-11.4515
  1273	-10.7046
  1274	-10.1307
  1275	-9.79132
  1276	-9.74476
  1277	-10.0289
  1278	-10.6484
  1279	-11.5699
  1280	-12.727
  1281	-14.0303
  1282	-15.3835
  1283	-16.6989
  1284	-17.9125
  1285	-18.9904
  1286	-19.9297
  1287	-20.7472
  1288	-21.4644
  1289	-22.0881
  1290	-22.5961
  1291	-22.9364
  1292	-23.0379
  1293	-22.8339
  1294	-22.2902
  1295	-21.4244
  1296	-20.3097
  1297	-19.0628
  1298	-17.8105
  1299	-16.6608
  1300	-15.6834
  1301	-14.8993
  1302	-14.2881
  1303	-13.8084
  1304	-13.4206
  1305	-13.1067
  1306	-12.8802
  1307	-12.7814
  1308	-12.8629
  1309	-13.1679
  1310	-13.7119
  1311	-14.472
  1312	-15.3847
  1313	-16.3575
  1314	-17.2871
  1315	-18.0817
  1316	-18.6815
  1317	-19.0695
  1318	-19.2701
  1319	-19.3326
  1320	-19.3104
  1321	-19.2401
  1322	-19.1311
  1323	-18.9664
  1324	-18.7145
  1325	-18.3456
  1326	-17.8465
  1327	-17.2288
  1328	-16.5244
  1329	-15.777
  1330	-15.0312
  1331	-14.3222
  1332	-13.6717
  1333	-13.0899
  1334	-12.5799
  1335	-12.1422
  1336	-11.7785
  1337	-11.4917
  1338	-11.2861
  1339	-11.1649
  1340	-11.1276
  1341	-11.1683
  1342	-11.2768
  1343	-11.4406
  1344	-11.6482
  1345	-11.8908
  1346	-12.1635
  1347	-12.4607
  1348	-12.7689
  1349	-13.0627
  1350	-13.3054
  1351	-13.452
  1352	-13.4586
  1353	-13.2946
  1354	-12.9501
  1355	-12.4425
  1356	-11.8097
  1357	-11.1004
  1358	-10.3626
  1359	-9.62931
  1360	-8.91389
  1361	-8.21154
  1362	-7.51211
  1363	-6.81289
  1364	-6.13176
  1365	-5.5143
  1366	-5.02579
  1367	-4.7371
  1368	-4.70124
  1369	-4.93565
  1370	-5.41452
  1371	-6.07235
  1372	-6.81557
  1373	-7.55044
  1374	-8.20521
  1375	-8.74372
  1376	-9.16966
  1377	-9.51594
  1378	-9.82424
  1379	-10.1242
  1380	-10.4197
  1381	-10.6834
  1382	-10.8638
  1383	-10.9018
  1384	-10.7506
  1385	-10.3958
  1386	-9.86262
  1387	-9.21005
  1388	-8.51181
  1389	-7.83536
  1390	-7.22287
  1391	-6.68035
  1392	-6.17986
  1393	-5.67008
  1394	-5.09677
  1395	-4.42586
  1396	-3.65795
  1397	-2.83247
  1398	-2.01779
  1399	-1.29205
  1400	-0.721947
  1401	-0.346209
  1402	-0.167902
  1403	-0.156933
  1404	-0.261945
  1405	-0.42869
  1406	-0.615371
  1407	-0.803584
  1408	-0.998889
  1409	-1.22318
  1410	-1.50147
  1411	-1.84819
  1412	-2.25984
  1413	-2.71289
  1414	-3.16943
  1415	-3.58592
  1416	-3.9249
  1417	-4.16482
  1418	-4.30371
  1419	-4.35705
  1420	-4.3528
  1421	-4.32136
  1422	-4.28981
  1423	-4.27642
  1424	-4.28925
  1425	-4.32769
  1426	-4.38267
  1427	-4.43751
  1428	-4.4707
  1429	-4.45626
  1430	-4.36848
  1431	-4.18536
  1432	-3.89478
  1433	-3.49746
  1434	-3.00844
  1435	-2.4557
  1436	-1.87373
  1437	-1.29708
  1438	-0.752182
  1439	-0.251925
  1440	0.204749
  1441	0.629258
  1442	1.03422
  1443	1.42197
  1444	1.77761
  1445	2.06804
  1446	2.2493
  1447	2.28078
  1448	2.14062
  1449	1.83687
  1450	1.40987
  1451	0.923817
  1452	0.451757
  1453	0.0530761
  1454	-0.241507
  1455	-0.436289
  1456	-0.566092
  1457	-0.682589
  1458	-0.835159
  1459	-1.05323
  1460	-1.33601
  1461	-1.65035
  1462	-1.94035
  1463	-2.14267
  1464	-2.20815
  1465	-2.11562
  1466	-1.88001
  1467	-1.54512
  1468	-1.1683
  1469	-0.801125
  1470	-0.471047
  1471	-0.17537
  1472	0.115271
  1473	0.44283
  1474	0.8439
  1475	1.33276
  1476	1.8926
  1477	2.47503
  1478	3.01397
  1479	3.44298
  1480	3.70981
  1481	3.78895
  1482	3.68583
  1483	3.43148
  1484	3.0717
  1485	2.65179
  1486	2.20419
  1487	1.74379
  1488	1.27151
  1489	0.783871
  1490	0.286636
  1491	-0.196615
  1492	-0.621761
  1493	-0.931639
  1494	-1.06775
  1495	-0.982721
  1496	-0.652844
  1497	-0.0839052
  1498	0.691673
  1499	1.62299
  1500	2.65246
  1501	3.7267
  1502	4.80048
  1503	5.83888
  1504	6.81308
  1505	7.6937
  1506	8.4514
  1507	9.05849
  1508	9.49378
  1509	9.74484
  1510	9.80888
  1511	9.6911
  1512	9.40181
  1513	8.95754
  1514	8.3801
  1515	7.69839
  1516	6.94824
  1517	6.17221
  1518	5.41575
  1519	4.72671
  1520	4.15198
  1521	3.73354
  1522	3.5021
  1523	3.46855
  1524	3.6195
  1525	3.9149
  1526	4.2961
  1527	4.69777
  1528	5.06288
  1529	5.35452
  1530	5.56189
  1531	5.69699
  1532	5.78374
  1533	5.84542
  1534	5.89108
  1535	5.91105
  1536	5.88045
  1537	5.77081
  1538	5.56312
  1539	5.26053
  1540	4.89408
  1541	4.51937
  1542	4.20486
  1543	4.01326
  1544	3.9843
  1545	4.123
  1546	4.39777
  1547	4.74894
  1548	5.10855
  1549	5.42047
  1550	5.65362
  1551	5.80765
  1552	5.90769
  1553	5.98888
  1554	6.08114
  1555	6.19389
  1556	6.3118
  1557	6.40241
  1558	6.43049
  1559	6.37418
  1560	6.23712
  1561	6.05244
  1562	5.87655
  1563	5.77589
  1564	5.80919
  1565	6.01224
  1566	6.38863
  1567	6.91187
  1568	7.53382
  1569	8.19936
  1570	8.85849
  1571	9.47774
  1572	10.0436
  1573	10.556
  1574	11.0181
  1575	11.4272
  1576	11.7667
  1577	12.0054
  1578	12.1043
  1579	12.0285
  1580	11.7593
  1581	11.3026
  1582	10.6877
  1583	9.96509
  1584	9.19629
  1585	8.44321
  1586	7.7591
  1587	7.18161
  1588	6.73291
  1589	6.4229
  1590	6.25194
  1591	6.21741
  1592	6.31847
  1593	6.55401
  1594	6.9217
  1595	7.41093
  1596	8.00087
  1597	8.66029
  1598	9.34798
  1599	10.0196
  1600	10.6348
  1601	11.1603
  1602	11.5701
  1603	11.8438
  1604	11.9643
  1605	11.915
  1606	11.6814
  1607	11.255
  1608	10.6369
  1609	9.84163
  1610	8.90087
  1611	7.8614
  1612	6.77904
  1613	5.71134
  1614	4.70702
  1615	3.79825
  1616	2.99803
  1617	2.30444
  1618	1.70935
  1619	1.20906
  1620	0.810537
  1621	0.533523
  1622	0.405252
  1623	0.449946
  1624	0.676388
  1625	1.06983
  1626	1.59291
  1627	2.18892
  1628	2.79883
  1629	3.37496
  1630	3.89051
  1631	4.3446
  1632	4.75784
  1633	5.16177
  1634	5.58431
  1635	6.03799
  1636	6.51499
  1637	6.98957
  1638	7.42485
  1639	7.78401
  1640	8.03967
  1641	8.17907
  1642	8.20249
  1643	8.11993
  1644	7.94526
  1645	7.68891
  1646	7.3531
  1647	6.93053
  1648	6.40534
  1649	5.75961
  1650	4.98026
  1651	4.06729
  1652	3.03942
  1653	1.93283
  1654	0.79765
  1655	-0.309964
  1656	-1.33656
  1657	-2.23496
  1658	-2.97128
  1659	-3.52514
  1660	-3.88577
  1661	-4.05353
  1662	-4.04145
  1663	-3.87561
  1664	-3.59403
  1665	-3.24231
  1666	-2.86721
  1667	-2.50736
  1668	-2.18845
  1669	-1.92002
  1670	-1.69868
  1671	-1.51467
  1672	-1.36195
  1673	-1.24498
  1674	-1.18232
  1675	-1.20236
  1676	-1.33437
  1677	-1.59469
  1678	-1.97868
  1679	-2.45277
  1680	-2.95664
  1681	-3.41412
  1682	-3.74857
  1683	-3.90215
  1684	-3.84927
  1685	-3.60441
  1686	-3.2146
  1687	-2.74512
  1688	-2.25623
  1689	-1.78631
  1690	-1.34102
  1691	-0.893659
  1692	-0.397831
  1693	0.195557
  1694	0.9161
  1695	1.76033
  1696	2.68872
  1697	3.63487
  1698	4.52451
  1699	5.29666
  1700	5.92106
  1701	6.40544
  1702	6.79274
  1703	7.14617
  1704	7.52803
  1705	7.97728
  1706	8.49498
  1707	9.03927
  1708	9.53724
  1709	9.9044
  1710	10.0691
  1711	9.99105
  1712	9.67052
  1713	9.1453
  1714	8.48004
  1715	7.74581
  1716	7.00196
  1717	6.28467
  1718	5.60092
  1719	4.93443
  1720	4.2598
  1721	3.55487
  1722	2.81098
  1723	2.04321
  1724	1.29056
  1725	0.607681
  1726	0.0556644
  1727	-0.310456
  1728	-0.449297
  1729	-0.341826
  1730	0.0087
  1731	0.578595
  1732	1.33221
  1733	2.22367
  1734	3.20571
  1735	4.23947
  1736	5.29681
  1737	6.36355
  1738	7.43045
  1739	8.48661
  1740	9.51176
  1741	10.4675
  1742	11.2932
  1743	11.9142
  1744	12.2556
  1745	12.2564
  1746	11.8871
  1747	11.16
  1748	10.1319
  1749	8.89803
  1750	7.57717
  1751	6.29314
  1752	5.15598
  1753	4.24639
  1754	3.60714
  1755	3.24897
  1756	3.16045
  1757	3.32581
  1758	3.73932
  1759	4.41415
  1760	5.37719
  1761	6.65499
  1762	8.25353
  1763	10.1364
  1764	12.2163
  1765	14.3667
  1766	16.4441
  1767	18.318
  1768	19.8931
  1769	21.1234
  1770	22.018
  1771	22.6285
  1772	23.029
  1773	23.2939
  1774	23.4764
  1775	23.5926
  1776	23.6217
  1777	23.5176
  1778	23.2288
  1779	22.7207
  1780	21.9937
  1781	21.0926
  1782	20.1068
  1783	19.1504
  1784	18.3371
  1785	17.7587
  1786	17.4614
  1787	17.4376
  1788	17.6362
  1789	17.9849
  1790	18.4189
  1791	18.902
  1792	19.4366
  1793	20.0558
  1794	20.8046
  1795	21.7145
  1796	22.7828
  1797	23.9613
  1798	25.1659
  1799	26.2947
  1800	27.2491
  1801	27.955
  1802	28.3745
  1803	28.5048
  1804	28.3723
  1805	28.0234
  1806	27.5101
  1807	26.877
  1808	26.1556
  1809	25.3621
  1810	24.5008
  1811	23.573
  1812	22.5848
  1813	21.5561
  1814	20.5235
  1815	19.5353
  1816	18.6472
  1817	17.9176
  1818	17.3962
  1819	17.1172
  1820	17.0978
  1821	17.334
  1822	17.8022
  1823	18.4596
  1824	19.2512
  1825	20.1218
  1826	21.0224
  1827	21.9187
  1828	22.7924
  1829	23.6389
  1830	24.463
  1831	25.2689
  1832	26.0477
  1833	26.7766
  1834	27.4179
  1835	27.9227
  1836	28.2437
  1837	28.349
  1838	28.2326
  1839	27.9188
  1840	27.4609
  1841	26.9296
  1842	26.3981
  1843	25.9196
  1844	25.5138
  1845	25.1653
  1846	24.8315
  1847	24.46
  1848	24.0077
  1849	23.4603
  1850	22.8387
  1851	22.1984
  1852	21.6166
  1853	21.1679
  1854	20.9019
  1855	20.8287
  1856	20.9146
  1857	21.0923
  1858	21.2828
  1859	21.4203
  1860	21.4738
  1861	21.4551
  1862	21.4158
  1863	21.4302
  1864	21.5709
  1865	21.8823
  1866	22.3646
  1867	22.9713
  1868	23.6232
  1869	24.2316
  1870	24.725
  1871	25.0659
  1872	25.2582
  1873	25.3406
  1874	25.3711
  1875	25.403
  1876	25.4657
  1877	25.5501
  1878	25.6089
  1879	25.5672
  1880	25.3438
  1881	24.8739
  1882	24.1263
  1883	23.1134
  1884	21.8887
  1885	20.5341
  1886	19.1431
  1887	17.7974
  1888	16.5568
  1889	15.4528
  1890	14.4886
  1891	13.6525
  1892	12.9283
  1893	12.3093
  1894	11.8035
  1895	11.4303
  1896	11.2167
  1897	11.1905
  1898	11.3702
  1899	11.7574
  1900	12.3331
  1901	13.0546
  1902	13.8601
  1903	14.6772
  1904	15.4313
  1905	16.0562
  1906	16.5019
  1907	16.7403
  1908	16.7662
  1909	16.5938
  1910	16.2512
  1911	15.7689
  1912	15.1691
  1913	14.4586
  1914	13.6278
  1915	12.6547
  1916	11.5201
  1917	10.223
  1918	8.79667
  1919	7.3131
  1920	5.87334
  1921	4.58848
  1922	3.55602
  1923	2.83309
  1924	2.42479
  1925	2.2874
  1926	2.34349
  1927	2.50502
  1928	2.6963
  1929	2.86964
  1930	3.00877
  1931	3.12327
  1932	3.2356
  1933	3.36378
  1934	3.50781
  1935	3.64081
  1936	3.70975
  1937	3.64599
  1938	3.38307
  1939	2.87505
  1940	2.11291
  1941	1.13322
  1942	0.0153613
  1943	-1.13731
  1944	-2.22242
  1945	-3.16133
  1946	-3.91923
  1947	-4.50782
  1948	-4.97275
  1949	-5.37087
  1950	-5.74471
  1951	-6.10499
  1952	-6.4279
  1953	-6.6628
  1954	-6.75384
  1955	-6.66196
  1956	-6.38258
  1957	-5.95029
  1958	-5.43178
  1959	-4.90944
  1960	-4.45998
  1961	-4.1368
  1962	-3.96103
  1963	-3.91967
  1964	-3.97244
  1965	-4.06558
  1966	-4.14768
  1967	-4.1837
  1968	-4.16441
  1969	-4.10634
  1970	-4.04352
  1971	-4.01639
  1972	-4.05878
  1973	-4.18773
  1974	-4.39909
  1975	-4.66886
  1976	-4.96118
  1977	-5.23846
  1978	-5.47377
  1979	-5.65774
  1980	-5.80325
  1981	-5.9415
  1982	-6.11337
  1983	-6.35688
  1984	-6.69647
  1985	-7.13695
  1986	-7.66178
  1987	-8.23696
  1988	-8.81715
  1989	-9.3531
  1990	-9.80201
  1991	-10.1336
  1992	-10.3333
  1993	-10.4043
  1994	-10.3643
  1995	-10.2394
  1996	-10.0554
  1997	-9.82916
  1998	-9.56094
  1999	-9.23245
  2000	-8.81223
  2001	-8.26866
