1 57.2906 49.5838
2 56.6109 50.4249
3 55.7372 51.4049
4 54.7362 52.4338
5 53.6831 53.4128
6 52.6452 54.2594
7 51.6665 54.9288
8 50.7621 55.4208
9 49.9218 55.7729
10 49.1217 56.0425
11 48.3457 56.2808
12 47.6025 56.5102
13 46.9353 56.7143
14 46.416 56.8416
15 46.1276 56.8247
16 46.1412 56.6031
17 46.4942 56.1451
18 47.1795 55.4592
19 48.1479 54.5943
20 49.3188 53.6309
21 50.5957 52.6619
22 51.88 51.7754
23 53.0867 51.0332
24 54.1534 50.4618
25 55.0391 50.0575
26 55.7281 49.7945
27 56.2271 49.6422
28 56.5582 49.5796
29 56.7481 49.6036
30 56.8171 49.7312
31 56.7731 49.9906
32 56.6161 50.4078
33 56.346 50.9937
34 55.9755 51.7355
35 55.5356 52.5942
36 55.075 53.5133
37 54.6527 54.4297
38 54.3256 55.2901
39 54.1365 56.0608
40 54.1077 56.7292
41 54.2368 57.3031
42 54.4997 57.8019
43 54.8555 58.2511
44 55.2551 58.6713
45 55.6491 59.0725
46 55.9995 59.4519
47 56.2891 59.7931
48 56.526 60.0719
49 56.74 60.262
50 56.9736 60.3406
51 57.2674 60.2936
52 57.6478 60.1174
53 58.1181 59.8215
54 58.6602 59.4274
55 59.243 58.9663
56 59.8348 58.4737
57 60.4182 57.983
58 60.9945 57.5188
59 61.5857 57.0932
60 62.2246 56.7033
61 62.9438 56.3344
62 63.7638 55.9661
63 64.6818 55.5807
64 65.6682 55.1719
65 66.6735 54.7501
66 67.6365 54.3449
67 68.4966 54.0031
68 69.2093 53.7756
69 69.7562 53.7021
70 70.1417 53.7993
71 70.3936 54.0513
72 70.5547 54.4113
73 70.673 54.8104
74 70.7911 55.1761
75 70.9386 55.4506
76 71.1293 55.606
77 71.3597 55.6525
78 71.6152 55.6325
79 71.8759 55.6054
80 72.1286 55.6254
81 72.3719 55.721
82 72.6185 55.8835
83 72.8889 56.0689
84 73.2006 56.2125
85 73.556 56.2517
86 73.9375 56.1476
87 74.31 55.8988
88 74.6316 55.5415
89 74.861 55.137
90 74.9648 54.7512
91 74.9224 54.4316
92 74.7263 54.1924
93 74.3823 54.012
94 73.9089 53.8398
95 73.3362 53.6155
96 72.7041 53.2871
97 72.0608 52.8279
98 71.4503 52.2456
99 70.8996 51.5824
100 70.4094 50.9059
101 69.9544 50.2928
102 69.4918 49.8109
103 68.9799 49.5024
104 68.3906 49.3755
105 67.7186 49.407
106 66.9795 49.5544
107 66.1997 49.7765
108 65.403 50.0508
109 64.5944 50.3852
110 63.7537 50.8155
111 62.8386 51.3929
112 61.7966 52.1626
113 60.5872 53.1421
114 59.1979 54.3074
115 57.6455 55.5988
116 55.9755 56.9338
117 54.2512 58.2269
118 52.5331 59.4138
119 50.8649 60.463
120 49.2689 61.3715
121 47.7418 62.1595
122 46.2602 62.8575
123 44.7912 63.4953
124 43.3046 64.0929
125 41.7807 64.6599
126 40.2187 65.1937
127 38.6397 65.6828
128 37.0802 66.1109
129 35.5816 66.4605
130 34.1865 66.7151
131 32.9292 66.862
132 31.8314 66.896
133 30.9043 66.8211
134 30.1486 66.6529
135 29.5553 66.4177
136 29.1105 66.1478
137 28.799 65.8745
138 28.6107 65.6197
139 28.5438 65.3919
140 28.6082 65.1835
141 28.8227 64.9755
142 29.208 64.7431
143 29.7761 64.4645
144 30.5193 64.1284
145 31.4008 63.7391
146 32.3582 63.3187
147 33.3109 62.9041
148 34.1808 62.5389
149 34.9083 62.26
150 35.4624 62.0865
151 35.8445 62.0095
152 36.086 61.9896
153 36.2381 61.9637
154 36.36 61.86
155 36.5035 61.6176
156 36.7017 61.2054
157 36.959 60.6326
158 37.2536 59.9461
159 37.5462 59.2159
160 37.799 58.5108
161 37.9936 57.8761
162 38.143 57.3179
163 38.2919 56.8073
164 38.5015 56.2959
165 38.8271 55.7381
166 39.294 55.1145
167 39.8814 54.4462
168 40.5244 53.7926
169 41.1318 53.236
170 41.6114 52.8599
171 41.894 52.7248
172 41.9486 52.8505
173 41.7846 53.2136
174 41.4417 53.7558
175 40.9749 54.4025
176 40.4397 55.0824
177 39.8805 55.7449
178 39.3254 56.3676
179 38.786 56.9552
180 38.264 57.5286
181 37.7591 58.11
182 37.2787 58.7065
183 36.8448 59.3006
184 36.4961 59.8482
185 36.2798 60.2877
186 36.2436 60.5556
187 36.4202 60.6052
188 36.8203 60.4189
189 37.4251 60.0142
190 38.1915 59.4368
191 39.0608 58.7485
192 39.9732 58.0075
193 40.8785 57.2585
194 41.7452 56.5252
195 42.5709 55.8071
196 43.3742 55.0914
197 44.1838 54.3643
198 45.0249 53.6206
199 45.9112 52.8687
200 46.8404 52.1294
201 47.8006 51.4291
202 48.7774 50.7928
203 49.763 50.2386
204 50.7565 49.7736
205 51.7576 49.3963
206 52.7556 49.0985
207 53.7267 48.8689
208 54.6365 48.6959
209 55.4517 48.5714
210 56.1478 48.4905
211 56.7124 48.4522
212 57.1427 48.4589
213 57.4382 48.5144
214 57.5972 48.6235
215 57.6137 48.7915
216 57.482 49.0234
217 57.2016 49.3216
218 56.7845 49.6829
219 56.2585 50.0938
220 55.667 50.5275
221 55.0658 50.9418
222 54.5146 51.2813
223 54.0699 51.4828
224 53.7785 51.4857
225 53.6688 51.2472
226 53.7516 50.7518
227 54.0231 50.0134
228 54.4728 49.0712
229 55.0898 47.9749
230 55.8684 46.7657
231 56.806 45.4658
232 57.8973 44.0754
233 59.1209 42.5853
234 60.4294 40.9933
235 61.7518 39.3195
236 63 37.6192
237 64.0833 35.9846
238 64.9233 34.5289
239 65.4628 33.3633
240 65.6674 32.5752
241 65.5272 32.2082
242 65.0599 32.2552
243 64.3098 32.6636
244 63.3433 33.3519
245 62.2423 34.2313
246 61.0881 35.2274
247 59.9444 36.2947
248 58.8492 37.4178
249 57.8143 38.6028
250 56.8374 39.859
251 55.9242 41.1784
252 55.1045 42.5189
253 54.4329 43.8068
254 53.9773 44.9474
255 53.7987 45.8412
256 53.9261 46.4107
257 54.3421 46.6219
258 54.9853 46.4922
259 55.7689 46.0843
260 56.6016 45.4866
261 57.4042 44.7872
262 58.117 44.052
263 58.7024 43.3094
264 59.1432 42.5505
265 59.4385 41.7457
266 59.6044 40.864
267 59.67 39.8944
268 59.6681 38.8554
269 59.6211 37.7964
270 59.5286 36.7923
271 59.364 35.9259
272 59.0831 35.2709
273 58.6386 34.8765
274 57.9989 34.7594
275 57.1606 34.9058
276 56.1505 35.2786
277 55.0184 35.8308
278 53.8167 36.5197
279 52.5826 37.317
280 51.3318 38.2087
281 50.0593 39.1929
282 48.7516 40.2715
283 47.4057 41.4393
284 46.0397 42.6783
285 44.6895 43.96
286 43.3981 45.2479
287 42.204 46.5012
288 41.1275 47.6854
289 40.1705 48.7743
290 39.3334 49.7442
291 38.6203 50.5731
292 38.0458 51.2403
293 37.6317 51.726
294 37.3989 52.0156
295 37.3535 52.108
296 37.4802 52.0173
297 37.7459 51.7705
298 38.1094 51.4008
299 38.5385 50.9362
300 39.0201 50.3904
301 39.5605 49.7605
302 40.1706 49.0331
303 40.8472 48.1988
304 41.5564 47.2672
305 42.2332 46.2747
306 42.7935 45.2862
307 43.1553 44.3853
308 43.2604 43.6561
309 43.0855 43.1639
310 42.6458 42.9374
311 41.9896 42.9658
312 41.1876 43.2056
313 40.3209 43.5964
314 39.4663 44.0818
315 38.6834 44.6247
316 38.0016 45.2178
317 37.4188 45.8819
318 36.9101 46.6529
319 36.446 47.5609
320 36.0164 48.6106
321 35.6473 49.7664
322 35.405 50.9508
323 35.3852 52.0576
324 35.685 52.9753
325 36.3701 53.6131
326 37.4508 53.9209
327 38.8716 53.8981
328 40.5348 53.59
329 42.3291 53.0702
330 44.1481 52.4164
331 45.9096 51.6881
332 47.5582 50.9122
333 49.065 50.0796
334 50.4174 49.157
335 51.6098 48.1081
336 52.6416 46.9136
337 53.5162 45.5854
338 54.2346 44.1736
339 54.7894 42.7583
340 55.164 41.43
341 55.3362 40.2709
342 55.2909 39.3353
343 55.0339 38.6422
344 54.6001 38.1768
345 54.051 37.8994
346 53.4633 37.7629
347 52.9091 37.7301
348 52.4396 37.7839
349 52.0757 37.93
350 51.8141 38.191
351 51.6384 38.5943
352 51.5316 39.1597
353 51.4853 39.8875
354 51.5 40.7541
355 51.5798 41.7173
356 51.7256 42.7245
357 51.9292 43.7265
358 52.1746 44.6878
359 52.4385 45.5939
360 52.6931 46.4465
361 52.9048 47.2568
362 53.0346 48.0343
363 53.0413 48.7818
364 52.8883 49.4932
365 52.5523 50.1544
366 52.0315 50.7471
367 51.3466 51.2546
368 50.5378 51.66
369 49.6556 51.9444
370 48.7466 52.0884
371 47.849 52.0701
372 46.9907 51.8689
373 46.1955 51.4731
374 45.4846 50.8887
375 44.874 50.1451
376 44.3691 49.2947
377 43.9614 48.406
378 43.6271 47.5498
379 43.3361 46.7853
380 43.0634 46.1507
381 42.7972 45.6623
382 42.5396 45.3209
383 42.2962 45.1229
384 42.0646 45.0707
385 41.824 45.1787
386 41.5334 45.4726
387 41.144 45.9807
388 40.615 46.7205
389 39.933 47.6859
390 39.1207 48.8389
391 38.2349 50.1101
392 37.3536 51.4061
393 36.5526 52.6306
394 35.8859 53.7034
395 35.3792 54.5716
396 35.029 55.2206
397 34.8095 55.6727
398 34.6858 55.9769
399 34.626 56.1899
400 34.6102 56.3539
401 34.6318 56.4831
402 34.6938 56.5621
403 34.8024 56.5578
404 34.9599 56.4382
405 35.1612 56.192
406 35.3913 55.8388
407 35.6271 55.4275
408 35.8364 55.0253
409 35.9832 54.6993
410 36.0364 54.4997
411 35.982 54.4473
412 35.8333 54.5292
413 35.637 54.7039
414 35.4653 54.9149
415 35.3991 55.1065
416 35.5035 55.2394
417 35.8079 55.3008
418 36.2986 55.3048
419 36.9275 55.2854
420 37.6345 55.2827
421 38.3711 55.3256
422 39.1132 55.4175
423 39.8632 55.5303
424 40.6394 55.6095
425 41.4586 55.589
426 42.3257 55.4131
427 43.2336 55.0549
428 44.1637 54.5266
429 45.0902 53.8767
430 45.9803 53.1762
431 46.7956 52.4991
432 47.4941 51.9035
433 48.0388 51.4189
434 48.4061 51.0436
435 48.594 50.7523
436 48.6253 50.511
437 48.5414 50.2931
438 48.3906 50.0887
439 48.2139 49.9075
440 48.0336 49.7729
441 47.8548 49.711
442 47.6736 49.7429
443 47.4896 49.8777
444 47.3154 50.1133
445 47.1794 50.4359
446 47.1207 50.8215
447 47.1787 51.2385
448 47.3848 51.6506
449 47.7601 52.0211
450 48.315 52.3175
451 49.0516 52.5172
452 49.9606 52.6114
453 51.0213 52.6107
454 52.1958 52.5465
455 53.424 52.4681
456 54.6319 52.4342
457 55.7456 52.4982
458 56.7101 52.6938
459 57.4983 53.0261
460 58.1105 53.4697
461 58.563 53.9762
462 58.8723 54.4836
463 59.0401 54.9333
464 59.0494 55.2832
465 58.8706 55.5179
466 58.4767 55.6534
467 57.8577 55.7303
468 57.0291 55.7968
469 56.0301 55.8885
470 54.9237 56.0108
471 53.7907 56.1313
472 52.7233 56.1864
473 51.8117 56.1019
474 51.1314 55.8189
475 50.7276 55.3206
476 50.6001 54.6485
477 50.7007 53.9006
478 50.9458 53.2103
479 51.2459 52.708
480 51.5373 52.4824
481 51.8013 52.5557
482 52.062 52.885
483 52.3675 53.3845
484 52.7612 53.9603
485 53.2602 54.5431
486 53.8454 55.1073
487 54.4688 55.6711
488 55.0688 56.2848
489 55.5874 57.0061
490 55.9804 57.8726
491 56.2222 58.8839
492 56.3075 59.9939
493 56.2462 61.1198
494 56.058 62.1614
495 55.7687 63.0282
496 55.4065 63.6615
497 54.9927 64.0477
498 54.5353 64.2163
499 54.0221 64.2249
500 53.4299 64.1374
501 52.7455 63.9975
502 51.9881 63.8123
503 51.2163 63.5516
504 50.5179 63.162
505 49.9844 62.5915
506 49.6801 61.8151
507 49.6221 60.8501
508 49.777 59.7558
509 50.0769 58.6204
510 50.4427 57.5396
511 50.8041 56.594
512 51.1097 55.8319
513 51.3281 55.2676
514 51.4468 54.8886
515 51.4725 54.6654
516 51.4276 54.5692
517 51.3445 54.584
518 51.2557 54.7132
519 51.1835 54.9774
520 51.1307 55.4064
521 51.0833 56.0254
522 51.0144 56.8432
523 50.8977 57.8412
524 50.7213 58.9719
525 50.4972 60.167
526 50.2622 61.3523
527 50.0693 62.4652
528 49.9706 63.4644
529 49.9984 64.333
530 50.1549 65.0739
531 50.4148 65.6965
532 50.7376 66.2058
533 51.0808 66.597
534 51.4098 66.8602
535 51.7022 66.9874
536 51.9444 66.9793
537 52.1287 66.8453
538 52.2515 66.598
539 52.3165 66.2444
540 52.3389 65.7783
541 52.3506 65.1809
542 52.3987 64.4296
543 52.5337 63.5126
544 52.7918 62.4461
545 53.1741 61.2852
546 53.6395 60.1185
547 54.116 59.0501
548 54.5286 58.1701
549 54.8288 57.5324
550 55.0077 57.1453
551 55.0899 56.9778
552 55.1062 56.981
553 55.0642 57.1108
554 54.9337 57.3474
555 54.6496 57.7032
556 54.1382 58.2161
557 53.3427 58.934
558 52.2413 59.8937
559 50.8513 61.1021
560 49.2272 62.5222
561 47.4477 64.0744
562 45.6019 65.6517
563 43.7859 67.134
564 42.0983 68.4132
565 40.6238 69.4198
566 39.428 70.133
567 38.5444 70.5797
568 37.9756 70.8178
569 37.7039 70.9128
570 37.709 70.912
571 37.9836 70.8283
572 38.5384 70.6388
573 39.3904 70.299
574 40.5422 69.7669
575 41.956 69.0273
576 43.5455 68.1066
577 45.1883 67.0718
578 46.7443 66.0185
579 48.0823 65.047
580 49.1084 64.2314
581 49.7769 63.6042
582 50.0958 63.1515
583 50.1205 62.8248
584 49.938 62.5612
585 49.6416 62.3077
586 49.3058 62.0395
587 48.9674 61.7687
588 48.624 61.54
589 48.2484 61.4142
590 47.8132 61.4441
591 47.3144 61.6531
592 46.7822 62.0233
593 46.2743 62.4989
594 45.8543 63.0037
595 45.5675 63.4662
596 45.4266 63.84
597 45.4124 64.1144
598 45.4867 64.3107
599 45.6077 64.4671
600 45.7399 64.6221
601 45.8557 64.7986
602 45.9327 64.9971
603 45.9527 65.1981
604 45.9055 65.3723
605 45.7931 65.4917
606 45.6363 65.5386
607 45.4733 65.5079
608 45.3499 65.4044
609 45.3072 65.2371
610 45.37 65.0147
611 45.5419 64.7441
612 45.8096 64.4316
613 46.151 64.0875
614 46.546 63.727
615 46.9832 63.3701
616 47.4607 63.0382
617 47.9811 62.748
618 48.5476 62.5074
619 49.1607 62.3147
620 49.8148 62.1628
621 50.5021 62.0419
622 51.2128 61.9435
623 51.933 61.8651
624 52.64 61.8128
625 53.3008 61.8028
626 53.8778 61.8566
627 54.3394 61.9929
628 54.6732 62.2177
629 54.8947 62.5177
630 55.0436 62.8568
631 55.1763 63.1806
632 55.3504 63.4263
633 55.6074 63.5393
634 55.9578 63.49
635 56.3776 63.2879
636 56.8165 62.9829
637 57.2181 62.6511
638 57.54 62.3706
639 57.7704 62.1945
640 57.9334 62.1294
641 58.0736 62.1381
642 58.233 62.1575
643 58.4275 62.1291
644 58.6386 62.024
645 58.8187 61.8573
646 58.9115 61.6829
647 58.8723 61.5724
648 58.6787 61.5863
649 58.3355 61.75
650 57.8674 62.0421
651 57.3133 62.3997
652 56.7164 62.737
653 56.122 62.9674
654 55.573 63.0257
655 55.1052 62.8853
656 54.7372 62.5639
657 54.462 62.1185
658 54.2431 61.6317
659 54.0244 61.1898
660 53.7529 60.8587
661 53.4022 60.6653
662 52.9861 60.5906
663 52.5546 60.5782
664 52.1743 60.5573
665 51.8991 60.4704
666 51.7473 60.2977
667 51.6943 60.0659
668 51.6813 59.8402
669 51.6365 59.701
670 51.4979 59.7152
671 51.2291 59.9115
672 50.824 60.2708
673 50.2981 60.7369
674 49.6775 61.237
675 48.9919 61.7032
676 48.2651 62.0929
677 47.5131 62.3953
678 46.7408 62.6286
679 45.9414 62.8268
680 45.1002 63.0245
681 44.1952 63.2471
682 43.2064 63.5065
683 42.1295 63.8017
684 40.9902 64.1211
685 39.8502 64.4447
686 38.7995 64.746
687 37.9334 64.9947
688 37.3317 65.1605
689 37.0426 65.2189
690 37.076 65.1544
691 37.4104 64.9625
692 38.0023 64.6469
693 38.7952 64.2187
694 39.7297 63.6928
695 40.7495 63.0857
696 41.809 62.412
697 42.8749 61.6818
698 43.9287 60.8976
699 44.9641 60.0519
700 45.9835 59.1291
701 46.9962 58.1078
702 48.0125 56.9671
703 49.0322 55.7022
704 50.0333 54.3367
705 50.9698 52.9284
706 51.7747 51.5657
707 52.3785 50.3446
708 52.7276 49.3452
709 52.8013 48.6084
710 52.623 48.1213
711 52.2527 47.8289
712 51.7684 47.6576
713 51.2398 47.5468
714 50.7017 47.4749
715 50.1401 47.4676
716 49.502 47.5843
717 48.7223 47.8887
718 47.7558 48.4174
719 46.6018 49.1568
720 45.311 50.0398
721 43.9733 50.9622
722 42.6953 51.8094
723 41.5742 52.4866
724 40.6774 52.9384
725 40.0333 53.1574
726 39.6333 53.1771
727 39.4456 53.0565
728 39.4359 52.8562
729 39.5871 52.6167
730 39.9059 52.3435
731 40.4198 52.0063
732 41.1653 51.5486
733 42.1693 50.9068
734 43.4348 50.0328
735 44.9375 48.911
736 46.625 47.5702
737 48.4271 46.0792
738 50.2556 44.5373
739 52.0164 43.0479
740 53.6339 41.6819
741 55.062 40.4615
742 56.297 39.3561
743 57.3678 38.3048
744 58.323 37.2446
745 59.2125 36.1361
746 60.0636 34.983
747 60.8653 33.8383
748 61.5754 32.7833
749 62.14 31.9021
750 62.5168 31.2611
751 62.6983 30.8904
752 62.7162 30.7812
753 62.6288 30.895
754 62.4966 31.1802
755 62.3578 31.5868
756 62.2206 32.0766
757 62.0672 32.6248
758 61.873 33.2167
759 61.6202 33.8424
760 61.3073 34.4889
761 60.9466 35.1375
762 60.5562 35.764
763 60.1549 36.341
764 59.7572 36.8416
765 59.3756 37.2434
766 59.0263 37.5293
767 58.7305 37.6868
768 58.5133 37.7061
769 58.3956 37.5794
770 58.3827 37.303
771 58.4618 36.8797
772 58.6031 36.3231
773 58.7691 35.6622
774 58.9254 34.9406
775 59.0493 34.2118
776 59.1335 33.5282
777 59.1871 32.9266
778 59.2322 32.4197
779 59.3 31.9931
780 59.4265 31.6119
781 59.6452 31.2359
782 59.9783 30.8373
783 60.4263 30.4173
784 60.9627 30.0103
785 61.5376 29.6756
786 62.0902 29.4787
787 62.5673 29.4678
788 62.9359 29.6575
789 63.1907 30.0225
790 63.3493 30.5069
791 63.4372 31.0422
792 63.4714 31.5702
793 63.4492 32.0623
794 63.3433 32.5298
795 63.1092 33.0215
796 62.6981 33.6074
797 62.0708 34.3548
798 61.2131 35.3003
799 60.1434 36.4322
800 58.9097 37.6898
801 57.5804 38.9772
802 56.2317 40.1868
803 54.9328 41.2288
804 53.7344 42.0539
805 52.6619 42.6606
806 51.7146 43.0887
807 50.8709 43.3995
808 50.1075 43.6481
809 49.4181 43.8603
810 48.8243 44.0232
811 48.3756 44.0909
812 48.1389 44.0022
813 48.1726 43.7065
814 48.5012 43.1854
815 49.0997 42.4665
816 49.8963 41.6226
817 50.789 40.7594
818 51.6691 39.9915
819 52.4433 39.4181
820 53.0491 39.1036
821 53.4649 39.0682
822 53.7044 39.2927
823 53.8059 39.7335
824 53.8111 40.3415
825 53.7463 41.0775
826 53.6109 41.9217
827 53.3776 42.8719
828 53.0033 43.9357
829 52.4443 45.1164
830 51.6745 46.3985
831 50.6993 47.7396
832 49.5594 49.0726
833 48.3274 50.3151
834 47.0941 51.3851
835 45.9472 52.217
836 44.956 52.771
837 44.1599 53.0366
838 43.5702 53.0278
839 43.1761 52.7749
840 42.9531 52.3158
841 42.8686 51.6911
842 42.8853 50.9407
843 42.9662 50.1045
844 43.0803 49.2214
845 43.2073 48.3251
846 43.3416 47.4403
847 43.4905 46.5814
848 43.668 45.7511
849 43.8873 44.9456
850 44.1509 44.1654
851 44.4457 43.4227
852 44.7424 42.7479
853 45.0027 42.187
854 45.1876 41.7949
855 45.2688 41.6196
856 45.2382 41.6862
857 45.1107 41.9865
858 44.9224 42.4789
859 44.7219 43.0986
860 44.5574 43.7753
861 44.462 44.4506
862 44.4403 45.0934
863 44.4616 45.7067
864 44.4624 46.3233
865 44.3645 46.9917
866 44.0963 47.7561
867 43.6174 48.6357
868 42.9334 49.6097
869 42.1007 50.6165
870 41.2137 51.5674
871 40.3848 52.3674
872 39.7148 52.9394
873 39.2666 53.2444
874 39.0482 53.2914
875 39.0178 53.1321
876 39.1053 52.8437
877 39.2457 52.5022
878 39.406 52.1557
879 39.5981 51.8095
880 39.87 51.4292
881 40.2837 50.9564
882 40.8887 50.3316
883 41.6954 49.5237
884 42.6669 48.5472
885 43.7275 47.4652
886 44.7788 46.3823
887 45.718 45.4226
888 46.4604 44.6971
889 46.951 44.2776
890 47.1671 44.1856
891 47.1214 44.3931
892 46.8584 44.8374
893 46.4437 45.4436
894 45.9506 46.1469
895 45.4408 46.9103
896 44.9515 47.7293
897 44.4904 48.6261
898 44.0462 49.6301
899 43.6053 50.7574
900 43.1694 51.9963
901 42.7681 53.299
902 42.4565 54.5856
903 42.2993 55.7656
904 42.3506 56.76
905 42.6368 57.5168
906 43.1472 58.0251
907 43.8363 58.3139
908 44.6374 58.4416
909 45.4765 58.4767
910 46.2874 58.4783
911 47.0232 58.4829
912 47.6599 58.5032
913 48.1943 58.5332
914 48.6384 58.5597
915 49.0129 58.5693
916 49.339 58.5545
917 49.6351 58.5123
918 49.9123 58.4437
919 50.1754 58.3502
920 50.4242 58.2339
921 50.6541 58.0998
922 50.8572 57.9583
923 51.0239 57.8253
924 51.1452 57.7194
925 51.2144 57.6563
926 51.2304 57.6414
927 51.1983 57.6686
928 51.126 57.7215
929 51.0203 57.7819
930 50.8807 57.8391
931 50.6941 57.8984
932 50.4356 57.9843
933 50.0728 58.1366
934 49.5754 58.3996
935 48.9265 58.806
936 48.1335 59.3636
937 47.2326 60.0464
938 46.2858 60.7989
939 45.3692 61.5479
940 44.5558 62.2206
941 43.8974 62.7626
942 43.4127 63.1502
943 43.0794 63.3973
944 42.8429 63.5496
945 42.6331 63.6693
946 42.3868 63.8142
947 42.0668 64.017
948 41.6712 64.2744
949 41.228 64.5486
950 40.7806 64.7831
951 40.3683 64.9245
952 40.0085 64.9461
953 39.6834 64.8626
954 39.343 64.7305
955 38.9162 64.6331
956 38.3328 64.6543
957 37.5469 64.8492
958 36.5559 65.2227
959 35.4082 65.7274
960 34.1989 66.2757
961 33.051 66.7659
962 32.087 67.1096
963 31.394 67.2532
964 30.9991 67.1883
965 30.87 66.9475
966 30.9305 66.591
967 31.0939 66.1867
968 31.2952 65.7857
969 31.5132 65.405
970 31.7749 65.023
971 32.1424 64.587
972 32.6851 64.0316
973 33.4485 63.3024
974 34.432 62.3785
975 35.5826 61.2857
976 36.8092 60.0956
977 38.0059 58.909
978 39.0755 57.83
979 39.9502 56.9374
980 40.6033 56.2644
981 41.0497 55.7948
982 41.3363 55.4757
983 41.5247 55.2393
984 41.6711 55.0278
985 41.8083 54.814
986 41.9394 54.607
987 42.0397 54.4473
988 42.0696 54.39
989 41.9903 54.4836
990 41.7817 54.7525
991 41.4507 55.1873
992 41.032 55.7491
993 40.5763 56.3808
994 40.1356 57.0234
995 39.7487 57.6283
996 39.4345 58.1641
997 39.1935 58.6159
998 39.0182 58.977
999 38.902 59.2428
1000 38.8468 59.4086
1001 38.863 59.4682
1002 38.9681 59.415
1003 39.1792 59.2435
1004 39.5089 58.9482
1005 39.969 58.5205
1006 40.5741 57.9458
1007 41.3454 57.2043
1008 42.3086 56.2757
1009 43.4818 55.1475
1010 44.8631 53.826
1011 46.4185 52.3456
1012 48.0835 50.7696
1013 49.7705 49.189
1014 51.3897 47.7074
1015 52.8733 46.4166
1016 54.1878 45.3786
1017 55.3332 44.6156
1018 56.3342 44.11
1019 57.2248 43.8186
1020 58.0274 43.6932
1021 58.7443 43.6992
1022 59.3566 43.8265
1023 59.8325 44.0928
1024 60.1404 44.5333
1025 60.263 45.1821
1026 60.2073 46.0497
1027 60.0096 47.1068
1028 59.7344 48.2818
1029 59.4647 49.4715
1030 59.2899 50.5622
1031 59.2845 51.456
1032 59.4893 52.0958
1033 59.8968 52.4766
1034 60.4521 52.6444
1035 61.0719 52.6823
1036 61.6678 52.6804
1037 62.1749 52.7047
1038 62.565 52.775
1039 62.8498 52.8597
1040 63.0693 52.8881
1041 63.274 52.7776
1042 63.5003 52.4658
1043 63.7563 51.9339
1044 64.0159 51.2171
1045 64.2244 50.396
1046 64.3138 49.5732
1047 64.2203 48.8429
1048 63.9034 48.2631
1049 63.3567 47.8426
1050 62.6117 47.5435
1051 61.7311 47.3003
1052 60.7942 47.044
1053 59.8757 46.7275
1054 59.0289 46.3407
1055 58.2703 45.9142
1056 57.5827 45.5097
1057 56.9278 45.2011
1058 56.2627 45.0502
1059 55.5558 45.0887
1060 54.7977 45.31
1061 54.0012 45.6732
1062 53.1963 46.1169
1063 52.4196 46.5796
1064 51.7058 47.0164
1065 51.0772 47.4098
1066 50.5399 47.7695
1067 50.0845 48.122
1068 49.6894 48.4976
1069 49.328 48.9167
1070 48.9794 49.3808
1071 48.6345 49.8735
1072 48.3025 50.3646
1073 48.0078 50.8213
1074 47.783 51.2141
1075 47.6575 51.5214
1076 47.6467 51.7301
1077 47.7448 51.8357
1078 47.9258 51.8402
1079 48.1513 51.7525
1080 48.3796 51.5885
1081 48.5725 51.3737
1082 48.6996 51.1434
1083 48.7375 50.9393
1084 48.6695 50.8014
1085 48.4886 50.7541
1086 48.2009 50.799
1087 47.8319 50.9113
1088 47.4321 51.0449
1089 47.0736 51.1467
1090 46.8382 51.1704
1091 46.7946 51.0908
1092 46.9788 50.9095
1093 47.381 50.6517
1094 47.9537 50.3541
1095 48.6367 50.0485
1096 49.3854 49.7471
1097 50.1867 49.4374
1098 51.0556 49.0855
1099 52.0129 48.6498
1100 53.0605 48.0975
1101 54.1633 47.4207
1102 55.2511 46.6464
1103 56.2336 45.8395
1104 57.0224 45.0934
1105 57.5541 44.5081
1106 57.7996 44.1669
1107 57.7644 44.1141
1108 57.4809 44.347
1109 56.9968 44.8203
1110 56.3649 45.4659
1111 55.6335 46.2166
1112 54.8448 47.0268
1113 54.0311 47.8825
1114 53.2159 48.7956
1115 52.4188 49.7831
1116 51.6606 50.8478
1117 50.9711 51.962
1118 50.3953 53.0664
1119 49.9939 54.0794
1120 49.8345 54.9157
1121 49.9728 55.5086
1122 50.4326 55.8262
1123 51.1923 55.8776
1124 52.1859 55.7093
1125 53.3169 55.3926
1126 54.4801 55.0063
1127 55.5872 54.6165
1128 56.5785 54.2641
1129 57.4299 53.96
1130 58.1478 53.6881
1131 58.7554 53.4172
1132 59.2738 53.1161
1133 59.7131 52.7666
1134 60.0668 52.3721
1135 60.3163 51.9572
1136 60.4398 51.5586
1137 60.4226 51.2105
1138 60.2621 50.931
1139 59.9711 50.7151
1140 59.5748 50.5361
1141 59.1077 50.3566
1142 58.6078 50.1414
1143 58.1101 49.8708
1144 57.642 49.5484
1145 57.2178 49.2017
1146 56.8369 48.8768
1147 56.4835 48.6283
1148 56.1304 48.5099
1149 55.7454 48.5664
1150 55.3007 48.8295
1151 54.7832 49.3155
1152 54.2018 50.0238
1153 53.5885 50.9362
1154 52.9925 52.0166
1155 52.471 53.2122
1156 52.0759 54.462
1157 51.8431 55.7043
1158 51.7863 56.8861
1159 51.8967 57.9684
1160 52.1473 58.9274
1161 52.5004 59.7549
1162 52.9178 60.4524
1163 53.3696 61.0274
1164 53.8395 61.4841
1165 54.3231 61.8152
1166 54.8262 61.9989
1167 55.3599 62.0029
1168 55.9382 61.7921
1169 56.5721 61.341
1170 57.2593 60.6464
1171 57.9771 59.7392
1172 58.679 58.6866
1173 59.3022 57.5816
1174 59.7808 56.5228
1175 60.0631 55.5922
1176 60.1262 54.8348
1177 59.9824 54.2514
1178 59.6729 53.8086
1179 59.2536 53.4584
1180 58.7748 53.1624
1181 58.2636 52.9107
1182 57.7151 52.7295
1183 57.0992 52.6753
1184 56.3775 52.8159
1185 55.5261 53.2037
1186 54.5557 53.8539
1187 53.5203 54.7328
1188 52.5054 55.7683
1189 51.6049 56.8698
1190 50.8993 57.9537
1191 50.4318 58.9686
1192 50.1999 59.908
1193 50.1622 60.8064
1194 50.2552 61.7224
1195 50.4128 62.7152
1196 50.5813 63.8212
1197 50.7256 65.0418
1198 50.8266 66.3394
1199 50.8739 67.6485
1200 50.8587 68.8971
1201 50.7719 70.0233
1202 50.601 70.9885
1203 50.3306 71.783
1204 49.9398 72.4231
1205 49.4016 72.9392
1206 48.6886 73.3616
1207 47.7866 73.7059
1208 46.7134 73.9628
1209 45.53 74.0971
1210 44.3388 74.0567
1211 43.2604 73.7874
1212 42.3974 73.2505
1213 41.8073 72.4373
1214 41.4923 71.3755
1215 41.406 70.1257
1216 41.4799 68.7706
1217 41.6488 67.3962
1218 41.8676 66.0812
1219 42.1157 64.8864
1220 42.3915 63.8476
1221 42.6982 62.9834
1222 43.0326 62.3032
1223 43.381 61.8126
1224 43.7237 61.5147
1225 44.0427 61.4113
1226 44.3266 61.4993
1227 44.5699 61.7696
1228 44.7668 62.2086
1229 44.906 62.7998
1230 44.9717 63.5232
1231 44.9514 64.3544
1232 44.846 65.2627
1233 44.6757 66.2088
1234 44.4772 67.1472
1235 44.2914 68.03
1236 44.15 68.8139
1237 44.0639 69.4676
1238 44.0198 69.9722
1239 43.9865 70.3212
1240 43.9254 70.5244
1241 43.8039 70.6026
1242 43.6046 70.5844
1243 43.3301 70.4989
1244 43.001 70.367
1245 42.6516 70.1946
1246 42.3293 69.9693
1247 42.0938 69.6628
1248 42.0089 69.242
1249 42.1287 68.6829
1250 42.4781 67.984
1251 43.0388 67.1738
1252 43.7523 66.3035
1253 44.5349 65.4369
1254 45.3064 64.6308
1255 46.0227 63.9112
1256 46.6861 63.2685
1257 47.3432 62.6617
1258 48.0645 62.0349
1259 48.9155 61.3397
1260 49.9272 60.5558
1261 51.0817 59.7027
1262 52.3161 58.8374
1263 53.5454 58.0392
1264 54.6926 57.3843
1265 55.7171 56.9184
1266 56.6225 56.6413
1267 57.4483 56.5082
1268 58.2402 56.4468
1269 59.0263 56.3826
1270 59.8098 56.2605
1271 60.5693 56.0603
1272 61.2717 55.8001
1273 61.8811 55.53
1274 62.3674 55.3154
1275 62.7133 55.2137
1276 62.9171 55.2541
1277 62.9969 55.4255
1278 62.9926 55.6762
1279 62.9629 55.929
1280 62.9736 56.1045
1281 63.0824 56.1463
1282 63.3221 56.04
1283 63.6907 55.8172
1284 64.1542 55.5462
1285 64.6605 55.3075
1286 65.1634 55.1651
1287 65.6436 55.1438
1288 66.1195 55.2204
1289 66.6419 55.3314
1290 67.2714 55.3944
1291 68.0545 55.333
1292 69.0036 55.0959
1293 70.0943 54.6663
1294 71.2724 54.0632
1295 72.467 53.3325
1296 73.6034 52.5361
1297 74.6101 51.7372
1298 75.4291 50.9838
1299 76.022 50.2995
1300 76.3726 49.6831
1301 76.492 49.1137
1302 76.4149 48.5614
1303 76.1909 48.0022
1304 75.8674 47.4291
1305 75.4749 46.8567
1306 75.0168 46.3184
1307 74.4692 45.8592
1308 73.7925 45.5231
1309 72.9488 45.3418
1310 71.9236 45.3285
1311 70.7374 45.4744
1312 69.4507 45.7502
1313 68.1488 46.1117
1314 66.9254 46.5074
1315 65.8671 46.8856
1316 65.0374 47.2045
1317 64.4708 47.4385
1318 64.1685 47.5851
1319 64.1021 47.6654
1320 64.2203 47.719
1321 64.4598 47.794
1322 64.7596 47.9319
1323 65.0748 48.1532
1324 65.3834 48.4484
1325 65.685 48.7801
1326 65.9895 49.0944
1327 66.3014 49.3384
1328 66.6073 49.4771
1329 66.8679 49.5046
1330 67.0215 49.4466
1331 66.9948 49.3534
1332 66.718 49.2854
1333 66.1431 49.292
1334 65.2536 49.3944
1335 64.0711 49.5735
1336 62.6512 49.7737
1337 61.0721 49.918
1338 59.426 49.9302
1339 57.8033 49.7597
1340 56.2736 49.3996
1341 54.8747 48.8944
1342 53.6097 48.3325
1343 52.4542 47.8216
1344 51.376 47.457
1345 50.3615 47.2921
1346 49.4302 47.3231
1347 48.631 47.4963
1348 48.0277 47.7328
1349 47.671 47.9618
1350 47.5708 48.1476
1351 47.6863 48.3028
1352 47.9339 48.4832
1353 48.2074 48.7691
1354 48.4069 49.2369
1355 48.4632 49.9329
1356 48.3543 50.8539
1357 48.1075 51.9465
1358 47.7873 53.1189
1359 47.4758 54.2637
1360 47.2512 55.2828
1361 47.1705 56.1046
1362 47.2623 56.6927
1363 47.5265 57.0482
1364 47.9413 57.2041
1365 48.4747 57.2094
1366 49.0959 57.112
1367 49.7857 56.9416
1368 50.5435 56.6986
1369 51.385 56.3558
1370 52.3273 55.8743
1371 53.377 55.2247
1372 54.5154 54.4099
1373 55.6952 53.4748
1374 56.843 52.5043
1375 57.8673 51.6069
1376 58.6798 50.8866
1377 59.2183 50.4129
1378 59.4617 50.2065
1379 59.4373 50.2383
1380 59.2183 50.4431
1381 58.9065 50.7423
1382 58.6062 51.0676
1383 58.4028 51.3743
1384 58.3474 51.6464
1385 58.4527 51.8928
1386 58.7019 52.1359
1387 59.0609 52.3976
1388 59.4915 52.6904
1389 59.96 53.0096
1390 60.4419 53.3337
1391 60.9219 53.6275
1392 61.3911 53.8501
1393 61.8462 53.9647
1394 62.2816 53.9493
1395 62.6792 53.8035
1396 63.0039 53.5516
1397 63.2019 53.2402
1398 63.208 52.9285
1399 62.9586 52.6741
1400 62.4115 52.5191
1401 61.5613 52.4791
1402 60.4472 52.5401
1403 59.145 52.6616
1404 57.7516 52.7877
1405 56.3654 52.8615
1406 55.067 52.8393
1407 53.9071 52.7019
1408 52.8998 52.4593
1409 52.0248 52.1506
1410 51.2398 51.8393
1411 50.4912 51.6016
1412 49.7322 51.5108
1413 48.9318 51.6202
1414 48.0836 51.9496
1415 47.2078 52.4823
1416 46.3396 53.1724
1417 45.5136 53.9633
1418 44.7511 54.8053
1419 44.0499 55.6708
1420 43.3818 56.5598
1421 42.7026 57.4914
1422 41.9673 58.487
1423 41.1486 59.5496
1424 40.2483 60.6518
1425 39.2982 61.7353
1426 38.3529 62.723
1427 37.4755 63.5362
1428 36.7223 64.1107
1429 36.1325 64.4062
1430 35.7207 64.4107
1431 35.477 64.1377
1432 35.3753 63.6212
1433 35.3821 62.9084
1434 35.4707 62.0492
1435 35.6318 61.0849
1436 35.8811 60.0376
1437 36.2593 58.9046
1438 36.8225 57.6618
1439 37.6262 56.2768
1440 38.706 54.7291
1441 40.0603 53.0298
1442 41.6462 51.2317
1443 43.3778 49.4346
1444 45.1441 47.7682
1445 46.8376 46.3566
1446 48.3747 45.2901
1447 49.7089 44.6054
1448 50.8334 44.284
1449 51.769 44.269
1450 52.5432 44.4915
1451 53.1767 44.8909
1452 53.6725 45.4282
1453 54.0151 46.0898
1454 54.1737 46.8838
1455 54.1096 47.8269
1456 53.7895 48.9329
1457 53.1982 50.1996
1458 52.3475 51.599
1459 51.2811 53.0753
1460 50.0683 54.5497
1461 48.7936 55.9349
1462 47.537 57.1545
1463 46.3617 58.1571
1464 45.3028 58.9259
1465 44.3643 59.4777
1466 43.5255 59.8536
1467 42.7517 60.1021
1468 42.0092 60.2626
1469 41.2773 60.3553
1470 40.5525 60.3805
1471 39.8498 60.3254
1472 39.1971 60.1738
1473 38.6259 59.9154
1474 38.1597 59.5513
1475 37.8073 59.0934
1476 37.5571 58.5631
1477 37.3789 57.9893
1478 37.2288 57.4053
1479 37.0564 56.8487
1480 36.8177 56.3611
1481 36.4842 55.9827
1482 36.0497 55.7432
1483 35.5322 55.6543
1484 34.9707 55.705
1485 34.4154 55.8622
1486 33.9203 56.0797
1487 33.5345 56.3087
1488 33.2937 56.5114
1489 33.216 56.6674
1490 33.3003 56.7758
1491 33.5279 56.85
1492 33.8673 56.9099
1493 34.2832 56.9721
1494 34.7451 57.043
1495 35.2331 57.1168
1496 35.7391 57.1767
1497 36.2637 57.2009
1498 36.8094 57.1682
1499 37.3722 57.0618
1500 37.9385 56.8735
1501 38.4839 56.6064
1502 38.979 56.2765
1503 39.3971 55.9112
1504 39.7225 55.5438
1505 39.9552 55.2032
1506 40.1137 54.9032
1507 40.2318 54.6358
1508 40.3547 54.372
1509 40.5296 54.0714
1510 40.796 53.6972
1511 41.1801 53.2292
1512 41.6906 52.6695
1513 42.3199 52.0399
1514 43.0472 51.371
1515 43.8456 50.6898
1516 44.6856 50.0097
1517 45.5396 49.3287
1518 46.3818 48.6348
1519 47.1877 47.9152
1520 47.9324 47.1662
1521 48.5894 46.3987
1522 49.1299 45.6388
1523 49.5257 44.9221
1524 49.7508 44.287
1525 49.7824 43.7682
1526 49.6062 43.3897
1527 49.2181 43.1602
1528 48.627 43.0729
1529 47.8556 43.1066
1530 46.9387 43.2308
1531 45.9204 43.4108
1532 44.8508 43.6149
1533 43.777 43.8198
1534 42.7402 44.0121
1535 41.7812 44.1857
1536 40.9416 44.3359
1537 40.2652 44.4551
1538 39.7901 44.5321
1539 39.5397 44.5538
1540 39.5141 44.5111
1541 39.6838 44.4055
1542 39.9931 44.2532
1543 40.3744 44.0839
1544 40.7608 43.9348
1545 41.0973 43.8423
1546 41.345 43.8334
1547 41.4776 43.9216
1548 41.4793 44.1073
1549 41.3402 44.3833
1550 41.0556 44.7412
1551 40.6274 45.1771
1552 40.0662 45.6916
1553 39.3906 46.2867
1554 38.6273 46.9581
1555 37.8131 47.6834
1556 36.9962 48.4201
1557 36.2383 49.1053
1558 35.6131 49.6672
1559 35.2007 50.0358
1560 35.0786 50.1527
1561 35.3045 49.9819
1562 35.9045 49.5137
1563 36.8667 48.7654
1564 38.1467 47.7766
1565 39.6813 46.5993
1566 41.4029 45.2882
1567 43.2485 43.8918
1568 45.1667 42.4467
1569 47.1166 40.9766
1570 49.0592 39.5016
1571 50.9532 38.0444
1572 52.7525 36.6374
1573 54.4012 35.3324
1574 55.8359 34.2
1575 56.9989 33.3169
1576 57.8419 32.7558
1577 58.332 32.5723
1578 58.455 32.7957
1579 58.2177 33.4253
1580 57.648 34.432
1581 56.7917 35.7655
1582 55.7063 37.3621
1583 54.4552 39.1511
1584 53.1031 41.0577
1585 51.7106 43.0087
1586 50.3333 44.9342
1587 49.0169 46.7741
1588 47.7995 48.4754
1589 46.7066 49.9964
1590 45.7432 51.3169
1591 44.896 52.4341
1592 44.1352 53.3628
1593 43.4224 54.1273
1594 42.718 54.7545
1595 41.9854 55.2706
1596 41.1968 55.6953
1597 40.3354 56.0403
1598 39.4 56.3103
1599 38.4055 56.507
1600 37.3789 56.6356
1601 36.3581 56.7087
1602 35.3874 56.7455
1603 34.5115 56.7689
1604 33.7726 56.7977
1605 33.2124 56.84
1606 32.8717 56.8887
1607 32.7903 56.9222
1608 33.0005 56.9108
1609 33.5182 56.8254
1610 34.3349 56.646
1611 35.4138 56.3673
1612 36.6926 56.0006
1613 38.092 55.5721
1614 39.5276 55.1189
1615 40.9213 54.6832
1616 42.2074 54.3063
1617 43.3363 54.0224
1618 44.2739 53.855
1619 45.0009 53.8141
1620 45.5113 53.8965
1621 45.8102 54.0897
1622 45.9124 54.3764
1623 45.841 54.7402
1624 45.6265 55.168
1625 45.3065 55.6485
1626 44.9281 56.168
1627 44.5477 56.7048
1628 44.2297 57.2293
1629 44.0386 57.7072
1630 44.032 58.1061
1631 44.2476 58.4058
1632 44.696 58.6052
1633 45.3602 58.7212
1634 46.2033 58.7817
1635 47.1794 58.8144
1636 48.2428 58.8357
1637 49.3524 58.8457
1638 50.4667 58.8296
1639 51.5387 58.7658
1640 52.5171 58.6365
1641 53.3509 58.4373
1642 54.0011 58.1803
1643 54.4497 57.8911
1644 54.7016 57.601
1645 54.7799 57.3356
1646 54.7168 57.1068
1647 54.5452 56.9098
1648 54.2961 56.7247
1649 53.9995 56.524
1650 53.6873 56.2815
1651 53.3935 55.9819
1652 53.1496 55.6278
1653 52.9752 55.2425
1654 52.871 54.8685
1655 52.8184 54.5588
1656 52.785 54.3657
1657 52.7382 54.3263
1658 52.6547 54.4543
1659 52.527 54.7375
1660 52.3613 55.1441
1661 52.1714 55.6334
1662 51.9691 56.1695
1663 51.7585 56.7287
1664 51.535 57.3023
1665 51.2891 57.8916
1666 51.0132 58.4991
1667 50.7083 59.1194
1668 50.3871 59.7343
1669 50.0711 60.3158
1670 49.7835 60.8351
1671 49.5403 61.2733
1672 49.343 61.6289
1673 49.1781 61.9178
1674 49.0217 62.1654
1675 48.848 62.3962
1676 48.6399 62.6214
1677 48.3962 62.8321
1678 48.1316 63.0021
1679 47.8732 63.0952
1680 47.653 63.076
1681 47.4989 62.9224
1682 47.4279 62.6309
1683 47.4462 62.2161
1684 47.5522 61.7043
1685 47.7427 61.1216
1686 48.0191 60.4854
1687 48.3879 59.8009
1688 48.8602 59.0607
1689 49.4461 58.2512
1690 50.1474 57.3641
1691 50.9535 56.4025
1692 51.8405 55.3864
1693 52.7749 54.3516
1694 53.7213 53.3438
1695 54.648 52.4101
1696 55.5332 51.5889
1697 56.3665 50.9027
1698 57.1471 50.3548
1699 57.8783 49.9321
1700 58.5637 49.6115
1701 59.2035 49.3684
1702 59.7935 49.1859
1703 60.3274 49.059
1704 60.7988 48.9938
1705 61.205 49.0014
1706 61.5468 49.0901
1707 61.8295 49.2576
1708 62.0593 49.4893
1709 62.2412 49.761
1710 62.3764 50.0479
1711 62.4593 50.3339
1712 62.4757 50.6195
1713 62.4049 50.9212
1714 62.2218 51.2654
1715 61.9009 51.6789
1716 61.4227 52.1773
1717 60.779 52.7574
1718 59.9742 53.3985
1719 59.0271 54.0675
1720 57.9692 54.7298
1721 56.8399 55.3599
1722 55.677 55.9507
1723 54.515 56.5093
1724 53.383 57.0489
1725 52.2999 57.58
1726 51.2811 58.0992
1727 50.3415 58.585
1728 49.5002 59.0001
1729 48.7781 59.3027
1730 48.192 59.4607
1731 47.7491 59.4635
1732 47.4401 59.3279
1733 47.2377 59.0968
1734 47.0998 58.8287
1735 46.978 58.582
1736 46.8287 58.402
1737 46.6246 58.3106
1738 46.3609 58.3054
1739 46.0532 58.3653
1740 45.7289 58.4608
1741 45.4135 58.5662
1742 45.1196 58.6679
1743 44.839 58.7676
1744 44.5462 58.8783
1745 44.2088 59.0143
1746 43.8006 59.182
1747 43.3131 59.3719
1748 42.762 59.5565
1749 42.1845 59.6969
1750 41.6273 59.7541
1751 41.1284 59.7032
1752 40.7029 59.5438
1753 40.3358 59.3027
1754 39.992 59.0274
1755 39.6353 58.7711
1756 39.2508 58.5755
1757 38.8576 58.457
1758 38.5069 58.4035
1759 38.2661 58.3807
1760 38.1979 58.349
1761 38.3369 58.279
1762 38.6817 58.161
1763 39.1989 58.0062
1764 39.8402 57.8385
1765 40.5597 57.6821
1766 41.3242 57.5509
1767 42.1141 57.4431
1768 42.916 57.3426
1769 43.7152 57.2245
1770 44.4933 57.0623
1771 45.2283 56.8353
1772 45.8957 56.5335
1773 46.4762 56.1566
1774 46.9599 55.712
1775 47.3433 55.2117
1776 47.6339 54.6669
1777 47.853 54.0816
1778 48.0377 53.4506
1779 48.2367 52.7617
1780 48.5028 52.002
1781 48.8785 51.168
1782 49.3824 50.277
1783 50.0092 49.3632
1784 50.735 48.4721
1785 51.5275 47.6532
1786 52.3598 46.9438
1787 53.2165 46.3616
1788 54.095 45.9024
1789 54.9966 45.5486
1790 55.9105 45.285
1791 56.8075 45.1098
1792 57.6389 45.0398
1793 58.3452 45.1055
1794 58.8694 45.3395
1795 59.1691 45.7603
1796 59.2208 46.3614
1797 59.0173 47.108
1798 58.5623 47.9443
1799 57.8706 48.8046
1800 56.9719 49.6262
1801 55.918 50.3616
1802 54.7795 50.9852
1803 53.6411 51.4891
1804 52.5856 51.8759
1805 51.6772 52.1529
1806 50.9613 52.3212
1807 50.4702 52.3701
1808 50.228 52.2775
1809 50.2516 52.0161
1810 50.5441 51.5652
1811 51.0877 50.922
1812 51.8417 50.1097
1813 52.7422 49.1805
1814 53.7127 48.2088
1815 54.6817 47.2719
1816 55.5935 46.4328
1817 56.4118 45.7279
1818 57.1227 45.1601
1819 57.7289 44.7047
1820 58.2349 44.3297
1821 58.6432 44.0118
1822 58.9516 43.7475
1823 59.1519 43.5566
1824 59.2335 43.4727
1825 59.19 43.5256
1826 59.024 43.7263
1827 58.7514 44.0589
1828 58.4043 44.4807
1829 58.0258 44.9343
1830 57.6605 45.3654
1831 57.3442 45.737
1832 57.0937 46.0379
1833 56.9037 46.282
1834 56.7524 46.4984
1835 56.6126 46.7157
1836 56.4648 46.949
1837 56.3065 47.1921
1838 56.1536 47.4175
1839 56.0354 47.5844
1840 55.9842 47.6505
1841 56.0244 47.5846
1842 56.1657 47.3747
1843 56.4033 47.0296
1844 56.723 46.5738
1845 57.1084 46.0399
1846 57.547 45.4573
1847 58.0308 44.8454
1848 58.5553 44.2107
1849 59.1128 43.5507
1850 59.6876 42.8637
1851 60.2554 42.159
1852 60.7833 41.4668
1853 61.2391 40.8351
1854 61.5963 40.322
1855 61.8359 39.986
1856 61.948 39.8681
1857 61.9316 39.9823
1858 61.7929 40.3114
1859 61.5429 40.8155
1860 61.1965 41.4441
1861 60.7739 42.1503
1862 60.2995 42.9001
1863 59.8011 43.6739
1864 59.3075 44.4606
1865 58.8433 45.2494
1866 58.4272 46.0217
1867 58.0727 46.748
1868 57.7905 47.3889
1869 57.5904 47.9017
1870 57.4814 48.2509
1871 57.4686 48.4169
1872 57.5478 48.4019
1873 57.7019 48.2298
1874 57.9037 47.9403
1875 58.12 47.5791
1876 58.3221 47.1864
1877 58.4929 46.7883
1878 58.6287 46.3957
1879 58.7349 46.0091
1880 58.8193 45.6251
1881 58.8812 45.2479
1882 58.9062 44.8965
1883 58.8665 44.604
1884 58.7284 44.4111
1885 58.4622 44.3533
1886 58.0515 44.4498
1887 57.4982 44.6972
1888 56.8239 45.07
1889 56.0644 45.5308
1890 55.2593 46.0435
1891 54.4435 46.5857
1892 53.6376 47.157
1893 52.849 47.7743
1894 52.0774 48.4618
1895 51.3216 49.2392
1896 50.5897 50.1087
1897 49.9055 51.047
1898 49.3015 52.0138
1899 48.8092 52.9626
1900 48.4543 53.8477
1901 48.2472 54.6385
1902 48.1841 55.3245
1903 48.251 55.9145
1904 48.4305 56.4293
1905 48.7054 56.8917
1906 49.0616 57.3173
1907 49.4869 57.7082
1908 49.9679 58.0528
1909 50.4886 58.3296
1910 51.0304 58.5165
1911 51.5719 58.6015
1912 52.094 58.5889
1913 52.5779 58.5022
1914 53.0065 58.378
1915 53.3662 58.2554
1916 53.6484 58.1632
1917 53.8559 58.1098
1918 54.0074 58.0806
1919 54.1355 58.0449
1920 54.281 57.9679
1921 54.4786 57.8256
1922 54.746 57.6145
1923 55.079 57.3539
1924 55.4552 57.0792
1925 55.8446 56.8302
1926 56.2228 56.6377
1927 56.5811 56.5144
1928 56.9275 56.4534
1929 57.2823 56.4347
1930 57.6661 56.4347
1931 58.0884 56.439
1932 58.5417 56.4494
1933 59.0007 56.4849
1934 59.4316 56.576
1935 59.8032 56.7546
1936 60.0956 57.0423
1937 60.3012 57.4437
1938 60.4223 57.9432
1939 60.4631 58.5113
1940 60.4263 59.1127
1941 60.3119 59.7169
1942 60.1195 60.3053
1943 59.8517 60.8743
1944 59.5131 61.4331
1945 59.1088 61.9942
1946 58.6416 62.5672
1947 58.1097 63.1524
1948 57.5083 63.7395
1949 56.8333 64.3109
1950 56.0856 64.8463
1951 55.2728 65.331
1952 54.4104 65.759
1953 53.5185 66.1334
1954 52.6193 66.4611
1955 51.7384 66.745
1956 50.9072 66.9778
1957 50.1675 67.1392
1958 49.5738 67.1979
1959 49.1886 67.1184
1960 49.0667 66.8702
1961 49.2434 66.4357
1962 49.7268 65.814
1963 50.4981 65.0191
1964 51.5225 64.0751
1965 52.7577 63.0103
1966 54.1628 61.8498
1967 55.6945 60.6157
1968 57.3067 59.3249
1969 58.9448 57.9939
1970 60.5387 56.6501
1971 62.0138 55.3334
1972 63.303 54.094
1973 64.3541 52.9897
1974 65.134 52.0769
1975 65.6273 51.3981
1976 65.8321 50.9748
1977 65.7534 50.8042
1978 65.4013 50.8625
1979 64.7916 51.1128
1980 63.9492 51.5153
1981 62.9079 52.0379
1982 61.7079 52.6621
1983 60.3937 53.3829
1984 59.0068 54.2028
1985 57.5804 55.1251
1986 56.1406 56.1455
1987 54.7124 57.2457
1988 53.3266 58.3919
1989 52.0202 59.5384
1990 50.8289 60.6396
1991 49.7783 61.6574
1992 48.8773 62.5681
1993 48.1167 63.3631
1994 47.4729 64.0453
1995 46.9198 64.6215
1996 46.4375 65.0954
1997 46.0175 65.4625
1998 45.6608 65.7107
1999 45.3707 65.8241
2000 45.1443 65.7914
2001 44.9653 65.6124
